node	Australia	Canada	Denmark	Germany	Japan	Norway	Singapore	Spain	Sweden	Taiwan	UK	USA
Node_125	0.05983272097596699	0.15866667140888022	0.013025289336724805	0.011754089655237625	0.01190237820974386	0.024015141071804927	0.03563890101622125	0.011755170824967775	0.011809274939010763	0.023812348861418392	0.5006818336553686	0.1371061800446549
Node_8	0.0391477644896734	0.47576929153010317	0.00797205159727133	0.007802233397405336	0.007821774696733478	0.015652319391053153	0.023465174664680965	0.00780193654536155	0.007806312835502796	0.015653531405592655	0.09700548193514621	0.2941021275114759
Node_124	0.0028159547062998644	0.006065670427180749	0.0028925263897628907	9.048869478168269e-05	0.0004184652353568175	0.0013807727550486503	0.0010678477419072522	9.470004238242047e-05	0.00022577191492190694	0.0008165138979701543	0.9788433673003675	0.005287920894020053
Node_3	5.4489850173918375e-08	0.9999995750854505	1.0949819433778085e-08	1.088968006681873e-08	1.089625040884017e-08	2.1770393548907732e-08	3.270038982127643e-08	1.0888999501464047e-08	1.088683104500933e-08	2.1807729855789447e-08	7.363012305209467e-08	1.6600448246901039e-07
Node_7	0.039147755068027736	0.4757514401227244	0.007972035249983217	0.007802234448438355	0.00782177371123584	0.015652314038246087	0.023465172875025305	0.0078019375701314266	0.0078063130456875315	0.015653529563688214	0.09699941192806315	0.2941260823787486
SRR26728063	0.0	1.0	0.0	0.0	0.0	0.0	0.0	0.0	0.0	0.0	0.0	0.0
Node_123	0.002809134852584518	0.005971346599888189	0.0028914886605888026	8.905822255155019e-05	0.0004170807955809161	0.0013780845797087872	0.001063666058996672	9.327026261770145e-05	0.0002243611669397211	0.0008137400800913321	0.9789735903809895	0.005275178339462306
SRR26728003	0.0	1.0	0.0	0.0	0.0	0.0	0.0	0.0	0.0	0.0	0.0	0.0
Node_2	4.625377782729283e-13	0.9999999999963941	9.294716317397071e-14	9.243729105043935e-14	9.249299071233294e-14	1.847982025533279e-13	2.775778082833493e-13	9.2431513119707e-14	9.241307701356301e-14	1.8511525801548897e-13	6.247936669060853e-13	1.4082727029310422e-12
SRR16943818	0.0	1.0	0.0	0.0	0.0	0.0	0.0	0.0	0.0	0.0	0.0	0.0
Node_6	0.0026204214823867932	0.010041074425294472	0.0005264149297394865	0.0005237186787744587	0.0005240117205428164	0.0010469221651381924	0.0015726080284633388	0.0005236856531774027	0.0005235721922744663	0.0010487572905400974	0.003472650115034228	0.9775761633186343
Node_14	0.002816079211240005	0.0059791879448912125	0.002892646464349941	9.049428216182813e-05	0.0004184842233025698	0.0013917098359238717	0.0010678970455252849	9.470580169829855e-05	0.00022578302878007014	0.0008165510423899086	0.9788833705596428	0.0053230905600942366
Node_122	0.002802506738527971	0.0058774707721144966	0.0028906236830295554	8.763882432485885e-05	0.0004157263538070329	0.0013645657145418186	0.0010595635569924345	9.18517994368035e-05	0.00022296929571219356	0.0008110250886020957	0.9791603210237866	0.00521573714912408
SRR26727984	0.0	1.0	0.0	0.0	0.0	0.0	0.0	0.0	0.0	0.0	0.0	0.0
Node_1	5.259091279257289e-16	0.999999999999997	1.0519015576307426e-16	1.0520170222121895e-16	1.0519581972399435e-16	2.100630051172475e-16	3.157395833028518e-16	1.0519423558929542e-16	1.0514556092779897e-16	2.105431072254112e-16	5.044181105186161e-16	7.8472688816416665e-16
SRR12051731	0.0	0.0	0.0	0.0	0.0	0.0	0.0	0.0	0.0	0.0	0.0	1.0
Node_5	9.534708712755635e-06	1.8039212646888028e-05	1.9093085219599615e-06	1.90685234261684e-06	1.907057713071298e-06	3.808676308117741e-06	5.723751961722627e-06	1.9067210170214609e-06	1.9059634785360885e-06	3.816841337201825e-06	1.0073639675412068e-05	0.9999394672662847
Node_12	0.00945711831298067	0.013555575754180751	0.0040669990354935855	0.0014502045988997905	0.001756439726597828	0.01499807463741392	0.0050961348399703255	0.0014540408294546993	0.001575822648339016	0.0034957778358852276	0.9207323907767105	0.022361421004073755
Node_13	7.835456852038575e-11	9.201869013749749e-11	1.6130770105315998e-11	1.5580783551803756e-11	1.5644488800544647e-11	3.134958263992224e-11	4.691904440031852e-11	1.5580508153361032e-11	1.5599114298725113e-11	3.130736508986869e-11	2.673458543610428e-10	0.9999999993741693
Node_22	0.0028022548999134217	0.005876511098506418	0.0028936647786280112	8.770928944581281e-05	0.0004157129881178968	0.0013644024839168096	0.0010604807409602868	9.192118156174618e-05	0.00022300513465207491	0.0008118184906211679	0.979157427144466	0.005215091769210288
Node_121	0.003438743742083122	0.000866671502260569	0.00035209469376323876	1.499499915230466e-05	0.00048176537219037194	0.0006929875751658183	0.0002629802299606224	2.0996508216659623e-05	0.00020758576689192964	0.00012499774497688886	0.9913675500704243	0.0021686317949142055
SRR26727953	0.0	1.0	0.0	0.0	0.0	0.0	0.0	0.0	0.0	0.0	0.0	0.0
SRR26728075	0.0	1.0	0.0	0.0	0.0	0.0	0.0	0.0	0.0	0.0	0.0	0.0
SRR12051727	0.0	0.0	0.0	0.0	0.0	0.0	0.0	0.0	0.0	0.0	0.0	1.0
Node_4	9.499423732287858e-06	1.7961438219698437e-05	1.9022391257970012e-06	1.8997964165017177e-06	1.900000514172469e-06	3.7945811858637334e-06	5.702571116074339e-06	1.899665570255306e-06	1.8989106298725804e-06	3.8027168848432144e-06	1.0034834285665572e-05	0.999939703822319
Node_11	0.001029261339242742	0.001204511550132205	0.00020822194603251475	0.0002054134711898521	0.00020573335806108766	0.00042329073583373205	0.0006173074875202379	0.00020540315346437605	0.0002054405823032846	0.0004117417079423606	0.0019734366320329736	0.9933102380362445
ERR5384768	0.0	0.0	0.0	0.0	0.0	1.0	0.0	0.0	0.0	0.0	0.0	0.0
ERR363431	0.0	0.0	0.0	0.0	0.0	0.0	0.0	0.0	0.0	0.0	0.0	1.0
ERR363484	0.0	0.0	0.0	0.0	0.0	0.0	0.0	0.0	0.0	0.0	0.0	1.0
Node_19	0.0027124026934227633	0.004810149892569562	0.012632288421377614	0.0002442847960070332	0.00045119699263603447	0.001238034570169328	0.003822333319969422	0.00024692847823464323	0.0003295360163702093	0.0008902965594509958	0.9679341468646216	0.004688401395170772
Node_21	0.002806539720425478	0.00588134337893323	0.0028943688161509103	8.859742184838219e-05	0.00041657956212892884	0.0013660978902031785	0.0010630939954487876	9.280897433215655e-05	0.00022388391818395928	0.0008198865600193727	0.9791254343599154	0.005221365402410191
Node_27	0.009617622972190659	0.008490386402243935	0.0016315470623151826	0.001338454757367674	0.049225797014808344	0.019716263622022754	0.004206709453324883	0.001343582218644587	0.021097017960086558	0.002761318434540243	0.8688752668763279	0.01169603322612724
Node_120	0.0034396664245374027	0.0008617915842645714	0.00034967719937965624	1.4898009964949253e-05	0.0004784552604921839	0.0006882296782646564	0.0002621514735294842	2.0902037621711096e-05	0.00020616303048920002	0.00012429570178472025	0.9913881614991615	0.00216560810050982
SRR12051728	0.0	0.0	0.0	0.0	0.0	0.0	0.0	0.0	0.0	0.0	0.0	1.0
SRR12051729	0.0	0.0	0.0	0.0	0.0	0.0	0.0	0.0	0.0	0.0	0.0	1.0
Node_10	8.543506173010893e-06	9.981226065432636e-06	1.7136858101019364e-06	1.708039814849067e-06	1.7086271181883265e-06	3.4378324263074993e-06	5.127960499818545e-06	1.707927368472461e-06	1.707410053649395e-06	3.419670669967997e-06	1.0226568870662634e-05	0.9999507175451297
SRR7800718	0.0	0.0	0.0	0.0	0.0	0.0	0.0	0.0	0.0	0.0	0.0	1.0
ERR369139	0.0	0.0	1.0	0.0	0.0	0.0	0.0	0.0	0.0	0.0	0.0	0.0
Node_18	0.0027124441630941706	0.004809876103106068	0.012629925919699143	0.00024435158835116327	0.0004512232027005287	0.0012380208122407701	0.0038239287276987713	0.00024699474400722047	0.00032958602958311383	0.0008903515170480941	0.9679349663323057	0.004688330860165236
Node_20	2.1179283755234987e-11	2.4806717855309753e-11	4.305377240660557e-12	4.222636007642502e-12	4.2321262355130664e-12	8.46687321521455e-12	1.2696946113061444e-11	4.222461387001652e-12	4.224395857402014e-12	0.9999999998309865	4.926961594451231e-11	3.1386988747504786e-11
ERR5414245	0.0	0.0	0.0	0.0	0.0	0.0	0.0	0.0	0.0	0.0	1.0	0.0
ERR5384776	0.0	0.0	0.0	0.0	0.0	1.0	0.0	0.0	0.0	0.0	0.0	0.0
Node_26	0.00962319717605734	0.008497235362559237	0.0016326982469862083	0.0013396425705770913	0.04927543952694827	0.01971651735276039	0.004210250829104575	0.0013447692984660015	0.021118198515874122	0.002763685356689192	0.8687737641285697	0.011704601635407994
Node_55	0.0034415668698724224	0.0008620731245649612	0.00034964735217338856	1.4961616511303969e-05	0.00047838947497194715	0.0006881728890869324	0.00026232891134189744	2.0992962942291197e-05	0.00020617321490673253	0.00012442976701105795	0.9913837264523161	0.002167537364300921
Node_119	0.00344113880638164	0.0008617184685348947	0.00034958837907916114	1.4935608267715092e-05	0.00047831781795332467	0.0006880561108216453	0.00026232636849722086	2.0937365251123773e-05	0.00020612838408657348	0.0001243352715992607	0.9913872805884907	0.0021652368310368956
SRR12051693	0.0	0.0	0.0	0.0	0.0	0.0	0.0	0.0	0.0	0.0	0.0	1.0
SRR12051654	0.0	0.0	0.0	0.0	0.0	0.0	0.0	0.0	0.0	0.0	0.0	1.0
Node_15	1.3126258218727543e-11	1.5596601390258258e-11	4.613045431525221e-12	2.576722686396428e-12	2.6105866917308186e-12	5.2684113286110615e-12	8.241649423431107e-12	2.5769771413258684e-12	2.589379998219244e-12	5.222837333938548e-12	0.9999999999180339	1.9543643910722214e-11
Node_17	0.008117764428724451	0.01031606597751399	0.007786727950971784	0.0014718034643702385	0.0015772007156964283	0.003321283826753492	0.039730078268827414	0.0014730554473422121	0.0015145409193624514	0.0031501746314265998	0.9091802328942025	0.012361071474808437
SRR19357815	0.0	0.0	0.0	0.0	0.0	0.0	0.0	0.0	0.0	1.0	0.0	0.0
SRR19357812	0.0	0.0	0.0	0.0	0.0	0.0	0.0	0.0	0.0	1.0	0.0	0.0
DRR317381	0.0	0.0	0.0	0.0	1.0	0.0	0.0	0.0	0.0	0.0	0.0	0.0
ERR494976	0.0	0.0	0.0	0.0	0.0	0.0	0.0	0.0	1.0	0.0	0.0	0.0
Node_53	0.0033838684715944783	0.001060403481147135	0.00013021743056500083	6.570080706554605e-05	0.00015504415885987194	0.0002581053203950672	0.0004450432487705022	0.00020310016392712492	0.0001025320448027958	0.00029791890336599945	0.9916948278031216	0.002203238166384736
Node_54	0.21649160477608428	0.03387957226750574	0.005881175592811659	0.0057532520635047305	0.005931243105782838	0.011741117172538578	0.01735071304620649	0.005755164814557275	0.00582375708190019	0.011550450415824995	0.4089871355072223	0.2708548141560609
Node_90	0.3424284094177355	0.01345766412749317	0.002351443277937418	0.002275251372231506	0.0023810915145241916	0.004693641714786273	0.006878378963572735	0.002276462624864708	0.002317761346544607	0.004575102398466845	0.599055963534211	0.017308829707631992
Node_118	0.0002924412225948688	0.00017694194138856474	4.0832689956283795e-05	2.3401606588039755e-05	4.754298328209614e-05	8.101914996430712e-05	0.0012032331317778212	2.370815581164951e-05	3.334815310220298e-05	5.174645442825212e-05	0.9971372001782193	0.0008885843328866319
ERR3198504	0.0	0.0	0.0	0.0	0.0	0.0	0.0	0.0	0.0	0.0	1.0	0.0
ERR567859	0.0	0.0	0.0	0.0	0.0	0.0	0.0	0.0	0.0	0.0	1.0	0.0
Node_16	1.3172863131890436e-11	1.5649472866291687e-11	4.61099681384176e-12	2.5863260393990153e-12	2.6199948527517383e-12	5.2868811948998496e-12	1.9085927711187482e-11	2.5865773095161387e-12	2.5988979079638685e-12	5.241679193759288e-12	0.9999999999069483	1.9612008378969275e-11
SRR14719107	0.0	0.0	0.0	0.0	0.0	0.0	1.0	0.0	0.0	0.0	0.0	0.0
Node_42	0.0009400170692117367	0.006404973606191686	0.00011861440994840691	0.00011043857478380902	0.00012177583809445909	0.00023663188358370455	0.002776287027052235	0.0019295696590517814	0.00011506015951781268	0.0020567964650321383	0.9841544925097105	0.0010353427978215864
Node_52	0.003388296181355769	0.0010613311142829594	0.0001303839227268961	6.587685197813824e-05	0.0001552070028029992	0.0002584381007165385	0.00044553501546736664	0.0002032559115218768	0.00010270255285647007	0.00029824665529933135	0.991683683574566	0.0022070431164255186
SRR25361465	1.0	0.0	0.0	0.0	0.0	0.0	0.0	0.0	0.0	0.0	0.0	0.0
ERR373960	0.0	0.0	0.0	0.0	0.0	0.0	0.0	0.0	0.0	0.0	0.0	1.0
ERR5412883	0.0	0.0	0.0	0.0	0.0	0.0	0.0	0.0	0.0	0.0	1.0	0.0
Node_89	0.9679942636357143	0.0015869793546548106	0.00027371594913169447	0.0002706552366272841	0.00027493376453538427	0.0005465308505912738	0.0008143244011073155	0.00027069164866520894	0.00027228244783024586	0.000542542683560179	0.02513094321276106	0.002022136814821355
SRR14719212	0.0	0.0	0.0	0.0	0.0	0.0	1.0	0.0	0.0	0.0	0.0	0.0
Node_117	0.00029158647316322007	0.0001764433530758208	4.0715321713272225e-05	2.3337185889480648e-05	4.740523916558509e-05	8.07863562767868e-05	0.0011995992782914597	2.3642788466525683e-05	3.3253509862120306e-05	5.1602580502005154e-05	0.9971436947861745	0.0008879331274192266
ERR5412228	0.0	0.0	0.0	0.0	0.0	0.0	0.0	0.0	0.0	0.0	1.0	0.0
ERR5413022	0.0	0.0	0.0	0.0	0.0	0.0	0.0	0.0	0.0	0.0	1.0	0.0
Node_28	3.639772141475111e-06	4.37685328035985e-06	7.263260745936156e-07	7.262404253641167e-07	7.264676517596366e-07	1.4505033909618366e-06	2.238137712864954e-06	0.4999687216673864	7.259633782824265e-07	0.49998428160507546	2.700641501483285e-05	5.380048467635767e-06
Node_41	0.0009392997191586542	0.006405770557697933	0.00011853291580902686	0.00011036438660804064	0.00012169152255321837	0.00023646935633570186	0.0027765942539052717	0.001927870712090978	0.00011498183047561405	0.0020550083694570102	0.9841588173422495	0.0010345990336590987
ERR373956	0.0	0.0	0.0	0.0	0.0	0.0	0.0	0.0	0.0	0.0	0.0	1.0
Node_51	0.007545209388699129	0.001857501262473834	0.00027270178203792317	0.00021566665177825812	0.0002946731184939656	0.0005428785248831462	0.00086648054503172	0.0003371726732938303	0.0002481561223322833	0.0005788104002246191	0.9841236609365849	0.0031170885941664895
SRR25361444	1.0	0.0	0.0	0.0	0.0	0.0	0.0	0.0	0.0	0.0	0.0	0.0
Node_88	0.999999616078551	3.009822540882219e-08	5.173708040468869e-09	5.144681948052906e-09	5.1856427327364754e-09	1.0331253654270681e-08	1.5459933374075855e-08	5.144851155667575e-09	5.158956374341533e-09	1.0304558755746718e-08	2.536613492740559e-07	3.825828834753508e-08
Node_94	0.00029197018871182716	0.00017691862850691614	4.079499217814657e-05	2.3419755859214757e-05	4.7483806366642755e-05	8.094554921798644e-05	0.0011996594823421663	2.3725301537203387e-05	3.333438650260824e-05	5.176701587464042e-05	0.9971415554651388	0.0008884254277638082
Node_116	0.0002918304619085948	0.000176767235391363	4.076829911799658e-05	2.339432305246008e-05	4.7456629793502954e-05	8.089227956345704e-05	0.0011995018382144874	2.3699834941875805e-05	3.3308239448265205e-05	5.171573735976303e-05	0.9971412545534744	0.0008894105677338238
DRR317503	0.0	0.0	0.0	0.0	0.0	0.0	0.0	0.0	0.0	1.0	0.0	0.0
ERR3198392	0.0	0.0	0.0	0.0	0.0	0.0	0.0	1.0	0.0	0.0	0.0	0.0
Node_32	0.0009407325995192232	0.006417432595753657	0.000118828123434531	0.00011066065675708073	0.00012198636578571008	0.00023705893132415758	0.0027771794620968238	0.00192794103006079	0.00011527736058136155	0.0020553733032316777	0.9841407649468029	0.0010367646246520882
Node_40	0.0009394855341512847	0.006405473912443332	0.00011858625990944942	0.00011041964915558866	0.00012174413697186292	0.0002365759447424095	0.0027785281863874274	0.0019275018519863793	0.00011503597213825692	0.0020546909704057354	0.9841570003800941	0.0010349572016141802
Node_43	0.0002757200605806857	0.0002413699044217327	4.08187478106288e-05	4.0163538968057455e-05	4.1076787480394625e-05	8.14971323893776e-05	0.00012308168970878795	4.156889633581346e-05	4.051985608180085e-05	8.208572406369832e-05	0.9986772261764055	0.00031487148575350745
Node_50	0.9999910375235959	1.0149116216978359e-06	1.736774924675638e-07	1.7348651980484594e-07	1.7377690202679988e-07	3.4683603932662637e-07	5.215140769960486e-07	1.7393700088300268e-07	1.7351775804922302e-07	3.477623331733995e-07	4.573307870153852e-06	1.2897487896750598e-06
Node_57	0.9999999999898894	1.966039645905544e-12	3.3677553910962703e-13	3.3682668206779844e-13	3.3680624921886934e-13	6.725575024386844e-13	1.0109065925638578e-12	3.36802755429601e-13	3.366462735479559e-13	6.740974420456691e-13	1.6104070975408911e-12	2.4928207563214927e-12
Node_87	0.9999999998526308	1.1568136217481955e-11	1.988479757113675e-12	1.977348322108031e-12	1.9930573367089715e-12	3.970748334609078e-12	5.941978743055036e-12	1.977412913916074e-12	1.982820565483338e-12	3.960529791658674e-12	9.730452821736985e-11	1.4704345821750552e-11
Node_92	1.2515921073118676e-11	1.4589485816272664e-11	2.500682821310539e-12	2.4984838398423104e-12	2.5019026664605367e-12	4.993910222074248e-12	7.666193438394762e-12	2.4983519368646393e-12	2.4986184324949272e-12	5.000988193646795e-12	0.9999999999241383	1.8597135729026437e-11
Node_93	1.1839335484549745e-11	1.3797610234582874e-11	2.3651577550520948e-12	2.362738717882332e-12	2.3664419620943468e-12	4.723253909393399e-12	7.271745943156001e-12	2.362619983257492e-12	2.3630599446740266e-12	4.729375176338308e-12	0.999999999928218	1.7600705607059156e-11
SRR4423485	0.0	0.0	0.0	0.0	0.0	0.0	0.0	0.0	0.0	0.0	0.0	1.0
Node_115	0.00042851270042753225	0.00035774164319555705	7.039582448389238e-05	5.530423079114196e-05	7.621404582414058e-05	0.00014012834554975282	0.001147795140337523	5.5558817003202246e-05	6.389641082204114e-05	0.00011492120458155438	0.9964575028105352	0.0010320288264482663
Node_31	6.219028084822817e-11	0.9999999992417052	1.2410869437129327e-11	1.2409481177509523e-11	1.2413259660308595e-11	2.478502490886536e-11	3.8222337784727865e-11	1.3135631976231874e-11	1.2404704198331853e-11	2.5569003285254706e-11	4.528257408390893e-10	9.192844905914856e-11
ERR5414389	0.0	0.0	0.0	0.0	0.0	0.0	0.0	0.0	0.0	0.0	1.0	0.0
SRR14719161	0.0	0.0	0.0	0.0	0.0	0.0	1.0	0.0	0.0	0.0	0.0	0.0
Node_39	0.000714532856058907	0.004855166895781877	0.00012575028883280448	0.00012374298567763436	0.00012654092562349616	0.00025106849830950674	0.0009772654632926624	0.0005736238377622474	0.00012483428855003767	0.000701652688059106	0.9904560989653967	0.0009697223066550439
ERR5412612	0.0	0.0	0.0	0.0	0.0	0.0	0.0	0.0	0.0	0.0	1.0	0.0
ERR494979	0.0	0.0	0.0	0.0	0.0	0.0	0.0	0.0	0.0	0.0	1.0	0.0
SRR23701777	1.0	0.0	0.0	0.0	0.0	0.0	0.0	0.0	0.0	0.0	0.0	0.0
Node_49	0.9999934251964423	7.446253844496744e-07	1.2742460115458394e-07	1.2728453561895373e-07	1.2749751791188866e-07	2.54468461065677e-07	3.8262710542628517e-07	1.276149441203703e-07	1.2730742705244548e-07	2.5514803979061593e-07	3.354536905719836e-06	9.462686350801196e-07
ERR484959	1.0	0.0	0.0	0.0	0.0	0.0	0.0	0.0	0.0	0.0	0.0	0.0
Node_56	0.9999999999999976	4.61331273668045e-16	7.902438583314822e-17	7.903639736548987e-17	7.903158779410934e-17	1.5781562941957e-16	2.3720927417899286e-16	7.903078278432454e-17	7.899405830724292e-17	1.5817699457651517e-16	3.777988408661655e-16	5.849404454584192e-16
Node_77	0.9999999999999967	5.310710157638221e-16	9.102065360545741e-17	9.09514644451339e-17	9.106087240666948e-17	1.8177027023846781e-16	2.7302351443550564e-16	9.094649244675583e-17	9.095017012019043e-17	1.820462643066219e-16	1.0726838162508204e-15	6.736323313578721e-16
Node_86	0.9999999834444683	3.202602085378795e-09	5.486009713719428e-10	5.486731431099071e-10	5.486552806745682e-10	1.0955830908496751e-09	1.646721489687062e-09	5.486343676376285e-10	5.483856302697025e-10	1.0980728091878485e-09	2.708859178370813e-09	4.0607437150270065e-09
ERR343235	0.0	0.0	0.0	0.0	0.0	0.0	0.0	0.0	0.0	0.0	1.0	0.0
ERR374105	0.0	0.0	0.0	0.0	0.0	0.0	0.0	0.0	0.0	0.0	1.0	0.0
ERR369189	0.0	0.0	0.0	0.0	0.0	0.0	0.0	0.0	0.0	0.0	1.0	0.0
ERR330854	0.0	0.0	0.0	0.0	0.0	0.0	0.0	0.0	0.0	0.0	1.0	0.0
ERR5412025	0.0	0.0	0.0	0.0	0.0	0.0	0.0	0.0	0.0	0.0	1.0	0.0
Node_114	7.578585861952737e-06	3.849616042877677e-06	2.6858644730953436e-08	1.7354432707598942e-06	2.688182638573804e-08	5.3636424121972414e-08	8.396316033059559e-08	2.680786692104851e-08	2.682524651731056e-08	5.3668168181874764e-08	0.9999796113275405	6.926385946591369e-06
SRR16943799	0.0	1.0	0.0	0.0	0.0	0.0	0.0	0.0	0.0	0.0	0.0	0.0
Node_30	1.171810413511626e-12	0.9999999999894351	2.341110498035054e-13	2.341157752063535e-13	2.3414425129327814e-13	4.675304816427691e-13	7.118618088278358e-13	2.4095044103716904e-13	2.3400798976062724e-13	4.754541505948693e-13	4.827361544840626e-12	1.733488382809539e-12
Node_36	0.0027652933118806236	0.01339870401388313	0.0005392550564656001	0.0005377043283258141	0.000539931988112832	0.0010768699565146984	0.0021019546778035213	0.000900144774084855	0.000538348961570206	0.0014419108169801786	0.9721369484317902	0.004022933682588386
Node_38	4.06859182857306e-05	7.282624509228545e-05	8.029464390244143e-06	8.0179239145786e-06	8.035102863426492e-06	1.6034855135300833e-05	2.7879335467658432e-05	1.0850447259191644e-05	8.02091847382836e-06	1.8905418100128913e-05	0.9997210350149623	5.967935605525437e-05
Node_45	0.9999947955177927	1.0101400348244113e-06	1.7303289368596076e-07	1.7305862267591519e-07	1.730488829962341e-07	3.455552786367478e-07	5.193972062277204e-07	1.7304754760074157e-07	1.7296624333433624e-07	3.463468779203087e-07	8.370838717093895e-07	1.280804747817006e-06
Node_48	0.9999934057875837	7.514122620652751e-07	1.28587885726138e-07	1.2844889665420635e-07	1.2866056257770433e-07	2.567916253390299e-07	3.8611820778218275e-07	1.2877730702057138e-07	1.2847065042696256e-07	2.5747597687307705e-07	3.344607061280242e-06	9.548619808098708e-07
ERR494953	1.0	0.0	0.0	0.0	0.0	0.0	0.0	0.0	0.0	0.0	0.0	0.0
ERR494952	1.0	0.0	0.0	0.0	0.0	0.0	0.0	0.0	0.0	0.0	0.0	0.0
Node_58	0.9999999999999977	4.470585295732494e-16	7.657951633015726e-17	7.659115598019667e-17	7.658649557852717e-17	1.5293310339886464e-16	2.2987045384062305e-16	7.658571510868769e-17	7.655012696769829e-17	1.532832881290332e-16	3.661124922475149e-16	5.668434609925193e-16
Node_76	0.9999999999999977	4.470650224619547e-16	7.6580628538612e-17	7.659226835770138e-17	7.658760788834619e-17	1.5293532453447324e-16	2.2987379238171744e-16	7.658682740717149e-17	7.6551238749315e-17	1.5328551435057775e-16	3.6611780951026063e-16	5.668516935868265e-16
ERR494950	1.0	0.0	0.0	0.0	0.0	0.0	0.0	0.0	0.0	0.0	0.0	0.0
Node_85	0.9999999813595006	3.624806188224491e-09	6.209162451161453e-10	6.210106251280478e-10	6.20972832083944e-10	1.2400006278032663e-09	1.8638182463501914e-09	6.20966509787903e-10	6.206779543425531e-10	1.2428399763907078e-09	2.968452756386266e-09	4.59603730408137e-09
Node_95	0.00013315688350024632	0.00015530114030916885	2.6580347478977767e-05	2.664429254454784e-05	2.6582770585887547e-05	5.308227604851369e-05	7.978694354692543e-05	2.6582497391335798e-05	2.6570145865812648e-05	5.320382048734702e-05	0.9991955246204194	0.00019698426182181375
Node_113	7.507427870392621e-06	3.7633045279039396e-06	1.1607960709621121e-08	1.7214301362800052e-06	1.1617973197958376e-08	2.318097295549521e-08	3.6286778568805694e-08	1.1586031345833392e-08	1.1593533474864347e-08	2.319472011144964e-08	0.9999800615975992	6.8171718957158825e-06
Node_29	5.856992085264771e-13	0.9999999999965812	1.1714500654665086e-13	1.1716281284199446e-13	1.1715568246871163e-13	2.339444052342875e-13	3.5163679900041334e-13	1.1715448988170603e-13	1.1710004952695983e-13	2.3448009046297093e-13	5.600415382369877e-13	8.671102172032958e-13
SRR16943798	0.0	1.0	0.0	0.0	0.0	0.0	0.0	0.0	0.0	0.0	0.0	0.0
SRR16943816	0.0	1.0	0.0	0.0	0.0	0.0	0.0	0.0	0.0	0.0	0.0	0.0
Node_35	1.0368864623730983e-08	1.5421234857703334e-08	2.06935783288273e-09	2.06914028590419e-09	2.0697510173614632e-09	4.1325944893526175e-09	6.369132033681729e-09	2.187124691560521e-09	2.068335820309303e-09	4.2602201025845734e-09	0.9999999336565882	1.532765592992271e-08
ERR5414088	0.0	0.0	0.0	0.0	0.0	0.0	0.0	0.0	0.0	0.0	1.0	0.0
Node_37	8.861472768465975e-13	1.1165458283660525e-12	1.7688784290098388e-13	1.768734727860375e-13	1.769198273206299e-13	3.532525775783486e-13	5.431799798506189e-13	1.8602057053241314e-13	1.7680229120233708e-13	3.632235528014831e-13	0.999999999994534	1.3101204733620171e-12
ERR459965	1.0	0.0	0.0	0.0	0.0	0.0	0.0	0.0	0.0	0.0	0.0	0.0
Node_44	0.9999947072326896	1.0273137370400385e-06	1.7597468842491653e-07	1.760008663349115e-07	1.7599094515637627e-07	3.514301891176322e-07	5.28227656133236e-07	1.7598957849963457e-07	1.7590690984770155e-07	3.5223523968292034e-07	8.511175494019038e-07	1.3025799508761914e-06
SRR23701778	1.0	0.0	0.0	0.0	0.0	0.0	0.0	0.0	0.0	0.0	0.0	0.0
Node_47	0.999999999987162	2.4958112036854926e-12	4.27523312405247e-13	4.2758809892217045e-13	4.2756235053624613e-13	8.537853152587673e-13	1.2833065013878862e-12	4.2755814538597755e-13	4.273591559927817e-13	8.557404305490222e-13	2.0472926368898147e-12	3.1645418744703294e-12
SRR29709404	1.0	0.0	0.0	0.0	0.0	0.0	0.0	0.0	0.0	0.0	0.0	0.0
SRR29709407	1.0	0.0	0.0	0.0	0.0	0.0	0.0	0.0	0.0	0.0	0.0	0.0
Node_70	0.9999999999999977	4.470644181179808e-16	7.658052465286309e-17	7.659216505903133e-17	7.658750376132073e-17	1.529351170876382e-16	2.2987348196314154e-16	7.658672410502721e-17	7.655113516159197e-17	1.5328530744693644e-16	3.661126834894605e-16	5.668509253828275e-16
Node_75	0.9999999999999977	4.470644123483898e-16	7.658052366455417e-17	7.659216407057094e-17	7.658750277292114e-17	1.5293511511393488e-16	2.298734789965106e-16	7.658672311663704e-17	7.655113417366109e-17	1.53285305468715e-16	3.6611267876459827e-16	5.668509180673359e-16
Node_81	0.9999999481943291	1.0074062077182454e-08	1.7256505509115858e-09	1.725912852944503e-09	1.7258078170063737e-09	3.4462099894317683e-09	5.179924040473659e-09	1.7257902475629387e-09	1.72498829361132e-09	3.454101109419046e-09	8.249916152757398e-09	1.277330778350797e-08
Node_84	0.9999999586984378	8.031446830864785e-09	1.375757916006444e-09	1.3759670336010373e-09	1.375883294898397e-09	2.7474569927674464e-09	4.129643454606208e-09	1.375869287669535e-09	1.375229937841358e-09	2.7537481103029297e-09	6.577165364312942e-09	1.0183393901624529e-08
ERR5414356	0.0	0.0	0.0	0.0	0.0	0.0	0.0	0.0	0.0	0.0	1.0	0.0
ERR5413957	0.0	0.0	0.0	0.0	0.0	0.0	0.0	0.0	0.0	0.0	1.0	0.0
Node_96	7.608066417066413e-06	1.0778235938559016e-05	3.318763789662671e-08	1.7413478718538332e-06	3.319960831156133e-08	6.627666242256756e-08	1.0106157530889103e-07	3.3167477753160466e-08	3.316493868979784e-08	6.638912826193541e-08	0.9999725355532202	6.970349523740971e-06
Node_112	7.84340008244079e-06	3.685233066775432e-06	1.1869247539026144e-08	1.7988195893154461e-06	1.1879090969703907e-08	2.37027908711135e-08	3.7040010999986454e-08	1.1847831895420239e-08	1.1854934821750109e-08	2.3718580053240796e-08	0.9999794213073646	7.11932740976041e-06
SRR16943797	0.0	1.0	0.0	0.0	0.0	0.0	0.0	0.0	0.0	0.0	0.0	0.0
SRR16943796	0.0	1.0	0.0	0.0	0.0	0.0	0.0	0.0	0.0	0.0	0.0	0.0
ERR5413158	0.0	0.0	0.0	0.0	0.0	0.0	0.0	0.0	0.0	0.0	1.0	0.0
Node_34	7.498518653664149e-11	1.1140481555313602e-10	1.4965268741860538e-11	1.4963714449233336e-11	1.4968104894664536e-11	2.98862706753923e-11	4.6054940365085605e-11	1.5812746839058913e-11	1.49578858328746e-11	3.080502563680706e-11	0.9999999995203492	1.1084682047188042e-10
ERR5413222	0.0	0.0	0.0	0.0	0.0	0.0	0.0	0.0	0.0	0.0	1.0	0.0
ERR5413298	0.0	0.0	0.0	0.0	0.0	0.0	0.0	0.0	0.0	0.0	1.0	0.0
SRR23701801	1.0	0.0	0.0	0.0	0.0	0.0	0.0	0.0	0.0	0.0	0.0	0.0
SRR25361475	1.0	0.0	0.0	0.0	0.0	0.0	0.0	0.0	0.0	0.0	0.0	0.0
ERR459860	1.0	0.0	0.0	0.0	0.0	0.0	0.0	0.0	0.0	0.0	0.0	0.0
Node_46	0.9999999999999976	4.651782648979738e-16	7.968336022108598e-17	7.969547082759466e-17	7.969062265682428e-17	1.5913163401883996e-16	2.39187334429561e-16	7.968981248134995e-17	7.96527793316622e-17	1.5949601401709872e-16	3.809713296548074e-16	5.898182181740501e-16
Node_61	0.9999999999999977	4.4706441229685925e-16	7.658052365572343e-17	7.659216406174386e-17	7.658750276408832e-17	1.5293511509630066e-16	2.2987347897001443e-16	7.658672310781057e-17	7.655113416483623e-17	1.5328530545104668e-16	3.6611267868876517e-16	5.668509180019797e-16
Node_69	0.9999999999999977	4.478524415023352e-16	7.671551022041396e-17	7.672717114468557e-17	7.67225016306778e-17	1.5320468998064345e-16	2.30278671175008e-16	7.672172060011953e-17	7.668606892540969e-17	1.53555497607128e-16	3.667580163076126e-16	5.67850091871001e-16
Node_73	0.9999999999999977	4.470644122968164e-16	7.658052365571606e-17	7.659216406173649e-17	7.658750276408096e-17	1.5293511509628596e-16	2.2987347896999234e-16	7.658672310780322e-17	7.655113416482887e-17	1.5328530545103194e-16	3.6611267868872997e-16	5.668509180019252e-16
Node_74	0.9999999999999977	4.470579195113119e-16	7.65794114649439e-17	7.659105170190892e-17	7.658639047195012e-17	1.529328939959901e-16	2.2987014048195556e-16	7.658561082699546e-17	7.655002240088482e-17	1.5328307926486748e-16	3.6610736157775487e-16	5.668426855384985e-16
Node_79	0.9999999835621024	3.1964920976308317e-09	5.475475836699037e-10	5.476308120925518e-10	5.475974840066859e-10	1.0934797613257062e-09	1.6435858877862202e-09	5.475919094964762e-10	5.473374500229608e-10	1.0959836079098287e-09	2.6176905432055985e-09	4.052960669848513e-09
Node_80	0.9999999999951346	9.461408872117784e-13	1.6207052630853696e-13	1.620951613807448e-13	1.6208529648392972e-13	3.236629029352643e-13	4.864907412821046e-13	1.6208364646513192e-13	1.620083281146797e-13	3.244040252519125e-13	7.748193886902979e-13	1.1996500184834146e-12
Node_83	0.9999945081252852	1.0679427706016322e-06	1.8293475024514712e-07	1.8296255672472917e-07	1.829514218658813e-07	3.653297959887205e-07	5.491193511866049e-07	1.8294955943114445e-07	1.8286454493811978e-07	3.6616632702852306e-07	8.745661200249681e-07	1.3540875167830495e-06
SRR23701771	1.0	0.0	0.0	0.0	0.0	0.0	0.0	0.0	0.0	0.0	0.0	0.0
ERR5413613	0.0	0.0	0.0	0.0	0.0	0.0	0.0	0.0	0.0	0.0	1.0	0.0
SRR26728036	0.0	1.0	0.0	0.0	0.0	0.0	0.0	0.0	0.0	0.0	0.0	0.0
Node_104	7.886561121492175e-06	3.7423074605076778e-06	2.240176354311579e-08	3.4022522876591062e-06	2.2412556154386393e-08	4.4736750089940935e-08	6.865397809352022e-08	2.2381227849265617e-08	2.2383420644612426e-08	4.4800749732382195e-08	0.9999775324001388	7.188708545430665e-06
Node_111	5.382458240872694e-05	4.084088060422974e-06	8.142545662142026e-08	1.8648269294819824e-06	8.144162155224911e-08	1.626100017212025e-07	2.4582563482003876e-07	8.140971635989243e-08	8.138446958759776e-08	1.629439368656723e-07	0.999890756529459	4.8572932304792735e-05
ERR5412428	0.0	0.0	0.0	0.0	0.0	0.0	0.0	0.0	0.0	0.0	1.0	0.0
Node_33	3.6545031166841666e-13	4.2670664793903456e-13	7.309328475255595e-14	7.310439506540193e-14	7.30999460637505e-14	1.4597092553969414e-13	2.1940576306361625e-13	7.309920748862399e-14	7.30652335568644e-14	1.4630517492920313e-13	0.9999999999977897	5.410382904302831e-13
ERR459956	1.0	0.0	0.0	0.0	0.0	0.0	0.0	0.0	0.0	0.0	0.0	0.0
ERR459859	1.0	0.0	0.0	0.0	0.0	0.0	0.0	0.0	0.0	0.0	0.0	0.0
Node_59	0.9999999999999977	4.470579195113109e-16	7.657941146494374e-17	7.659105170190877e-17	7.658639047194996e-17	1.5293289399598978e-16	2.2987014048195506e-16	7.65856108269953e-17	7.655002240088466e-17	1.5328307926486716e-16	3.6610736157775413e-16	5.668426855384973e-16
Node_60	0.9999999999999977	4.470579195113109e-16	7.657941146494374e-17	7.659105170190877e-17	7.658639047194996e-17	1.5293289399598978e-16	2.2987014048195506e-16	7.65856108269953e-17	7.655002240088466e-17	1.5328307926486716e-16	3.6610736157775413e-16	5.668426855384973e-16
SRR29709402	1.0	0.0	0.0	0.0	0.0	0.0	0.0	0.0	0.0	0.0	0.0	0.0
Node_68	0.9999999999994374	1.0941332892992455e-13	1.874210917688918e-14	1.874495801821441e-14	1.874381722489784e-14	3.7428924317635666e-14	5.625861033669437e-14	1.8743626413939902e-14	1.8734916472784186e-14	3.7514628953070774e-14	8.960142171233845e-14	1.3872955269899035e-13
Node_71	0.9999999999999977	4.470579195113119e-16	7.65794114649439e-17	7.659105170190892e-17	7.658639047195012e-17	1.529328939959901e-16	2.2987014048195556e-16	7.658561082699546e-17	7.655002240088482e-17	1.5328307926486748e-16	3.6610736157775487e-16	5.668426855384985e-16
Node_72	0.9999999999999977	4.470579195113119e-16	7.65794114649439e-17	7.659105170190892e-17	7.658639047195012e-17	1.529328939959901e-16	2.2987014048195556e-16	7.658561082699546e-17	7.655002240088482e-17	1.5328307926486748e-16	3.6610736157775487e-16	5.668426855384985e-16
SRR29709400	1.0	0.0	0.0	0.0	0.0	0.0	0.0	0.0	0.0	0.0	0.0	0.0
SRR29709406	1.0	0.0	0.0	0.0	0.0	0.0	0.0	0.0	0.0	0.0	0.0	0.0
SRR23701742	1.0	0.0	0.0	0.0	0.0	0.0	0.0	0.0	0.0	0.0	0.0	0.0
Node_78	0.9999999998749239	2.4322139082118165e-11	4.166294824870017e-12	4.166928110737554e-12	4.16667451701199e-12	8.320298009858178e-12	1.2506060811403874e-11	4.166632100510247e-12	4.1646959159314734e-12	8.339349802573213e-12	1.9918032493488443e-11	3.083901667689814e-11
ERR494948	1.0	0.0	0.0	0.0	0.0	0.0	0.0	0.0	0.0	0.0	0.0	0.0
ERR494949	1.0	0.0	0.0	0.0	0.0	0.0	0.0	0.0	0.0	0.0	0.0	0.0
Node_82	0.9996274817496209	7.243941150752809e-05	1.2408610289640656e-05	1.2410496425371018e-05	1.2409741138996902e-05	2.478061199166951e-05	3.7247204384317824e-05	1.2409614808561221e-05	1.2403848207565147e-05	2.4837354560560185e-05	5.932251876954057e-05	9.18488382951395e-05
SRR23701773	1.0	0.0	0.0	0.0	0.0	0.0	0.0	0.0	0.0	0.0	0.0	0.0
Node_103	4.2794907582798056e-13	4.627428472139267e-13	7.508564224851209e-14	9.793674029067789e-14	7.509254425811387e-14	1.499497579300151e-13	2.2539578876420538e-13	7.509156965779955e-14	7.505676059407666e-14	1.5029285267125628e-13	0.9999999999975822	6.032437137822461e-13
ERR7253731	0.0	0.0	0.0	1.0	0.0	0.0	0.0	0.0	0.0	0.0	0.0	0.0
SRR25361509	1.0	0.0	0.0	0.0	0.0	0.0	0.0	0.0	0.0	0.0	0.0	0.0
Node_110	5.411635235689652e-05	4.486071983408677e-06	1.5092879680340322e-07	1.932480191717076e-06	1.5095128674573812e-07	3.014116300943103e-07	4.5445390305265926e-07	1.509187063713639e-07	1.5086114646637173e-07	3.0206343285176845e-07	0.9998477296314137	9.007387515190029e-05
ERR5414163	0.0	0.0	0.0	0.0	0.0	0.0	0.0	0.0	0.0	0.0	1.0	0.0
ERR5413934	0.0	0.0	0.0	0.0	0.0	0.0	0.0	0.0	0.0	0.0	1.0	0.0
SRR29709405	1.0	0.0	0.0	0.0	0.0	0.0	0.0	0.0	0.0	0.0	0.0	0.0
SRR29709399	1.0	0.0	0.0	0.0	0.0	0.0	0.0	0.0	0.0	0.0	0.0	0.0
SRR29709403	1.0	0.0	0.0	0.0	0.0	0.0	0.0	0.0	0.0	0.0	0.0	0.0
SRR29709409	1.0	0.0	0.0	0.0	0.0	0.0	0.0	0.0	0.0	0.0	0.0	0.0
Node_64	0.9999999988488196	2.2385703934133548e-10	3.8345904583870304e-11	3.835173324470036e-11	3.834939920901343e-11	7.65786788997453e-11	1.1510376359626398e-10	3.834900881438295e-11	3.833118848427303e-11	7.675402852244607e-11	1.8332235369737284e-10	2.838373280483397e-10
Node_67	0.9999999835984362	3.1894266168544e-09	5.463372922603086e-10	5.464203367160321e-10	5.463870822980986e-10	1.0910627491770566e-09	1.6399529288612998e-09	5.463815201097052e-10	5.461276230897972e-10	1.0935610612942178e-09	2.6119044371674275e-09	4.044002063092807e-09
SRR29709401	1.0	0.0	0.0	0.0	0.0	0.0	0.0	0.0	0.0	0.0	0.0	0.0
SRR29709398	1.0	0.0	0.0	0.0	0.0	0.0	0.0	0.0	0.0	0.0	0.0	0.0
SRR29709408	1.0	0.0	0.0	0.0	0.0	0.0	0.0	0.0	0.0	0.0	0.0	0.0
ERR494951	1.0	0.0	0.0	0.0	0.0	0.0	0.0	0.0	0.0	0.0	0.0	0.0
SRR23701800	1.0	0.0	0.0	0.0	0.0	0.0	0.0	0.0	0.0	0.0	0.0	0.0
SRR23701802	1.0	0.0	0.0	0.0	0.0	0.0	0.0	0.0	0.0	0.0	0.0	0.0
SRR23701744	1.0	0.0	0.0	0.0	0.0	0.0	0.0	0.0	0.0	0.0	0.0	0.0
SRR23701772	1.0	0.0	0.0	0.0	0.0	0.0	0.0	0.0	0.0	0.0	0.0	0.0
Node_97	1.1499991575637753e-12	1.3419430096423567e-12	2.2977752685182075e-13	2.3031768880208886e-13	2.2979846876187367e-13	4.588771508765535e-13	6.897285772855443e-13	2.2979612477797024e-13	2.296893431234455e-13	4.599278806150511e-13	0.9999999999930483	1.7018687146290942e-12
Node_102	5.783627685883021e-15	6.748868663920634e-15	1.1555814238052689e-15	1.1583547322160788e-15	1.1556867435740843e-15	2.3077535850620765e-15	3.4687358147709077e-15	1.1556749548482287e-15	1.1551379360656393e-15	2.3130378425590756e-15	0.999999999999965	8.559039696630918e-15
SRR15713780	0.0	0.0	0.0	0.0	0.0	0.0	0.0	0.0	0.0	0.0	0.0	1.0
Node_109	2.4722638075947846e-12	2.8303612080375354e-12	4.842384279180548e-13	4.860206694508657e-13	4.842825670003516e-13	9.67048227436198e-13	1.4535507220725529e-12	4.842776072587476e-13	4.840525812473675e-13	9.692625346852733e-13	0.9999999999852148	3.669661727655859e-12
ERR494959	1.0	0.0	0.0	0.0	0.0	0.0	0.0	0.0	0.0	0.0	0.0	0.0
Node_63	0.9999999245169328	1.4678338476563136e-08	2.5143465147584848e-09	2.514728700892905e-09	2.5145756578350337e-09	5.021275061467089e-09	7.547370442151177e-09	2.5145500596025972e-09	2.5133815779774965e-09	5.032772761612292e-09	1.2020473270832685e-08	1.8611254690204918e-08
Node_66	0.9999999836568456	3.178068406632556e-09	5.443916717576346e-10	5.444744204748137e-10	5.444412844827631e-10	1.087177248251941e-09	1.6341127160714765e-09	5.444357421024792e-10	5.441827492625612e-10	1.089666663361066e-09	2.602602903305528e-09	4.029600532320019e-09
ERR484982	1.0	0.0	0.0	0.0	0.0	0.0	0.0	0.0	0.0	0.0	0.0	0.0
ERR5414325	0.0	0.0	0.0	0.0	0.0	0.0	0.0	0.0	0.0	0.0	1.0	0.0
ERR5413865	0.0	0.0	0.0	0.0	0.0	0.0	0.0	0.0	0.0	0.0	1.0	0.0
Node_101	7.75528698196113e-10	9.055215361657977e-10	1.5511257732472666e-10	1.5513615721255666e-10	1.5512671339268186e-10	3.0976753270435464e-10	4.656049094416641e-10	1.5512513421183215e-10	1.5505304939959973e-10	3.1047683744508583e-10	0.9999999953093998	1.1481471141873747e-09
ERR5413563	0.0	0.0	0.0	0.0	0.0	0.0	0.0	0.0	0.0	0.0	1.0	0.0
SRR6045389	0.0	0.0	0.0	0.0	0.0	0.0	0.0	0.0	0.0	0.0	1.0	0.0
Node_108	3.672358196761805e-16	4.28400381850653e-16	7.337933030251732e-17	7.340234760356865e-17	7.338601773070506e-17	1.4654217272797413e-16	2.2026439430936766e-16	7.33852704586321e-17	7.33511692764858e-17	1.4687772428750475e-16	0.9999999999999978	5.437479830279328e-16
Node_62	0.9999999999951279	9.474420669624775e-13	1.6229341371343418e-13	1.623180826650146e-13	1.6230820420150013e-13	3.241080201699638e-13	4.871597874146782e-13	1.6230655191351884e-13	1.6223112998154398e-13	3.248501617146828e-13	7.758849586258822e-13	1.2012998365317355e-12
SRR23701805	1.0	0.0	0.0	0.0	0.0	0.0	0.0	0.0	0.0	0.0	0.0	0.0
SRR23701794	1.0	0.0	0.0	0.0	0.0	0.0	0.0	0.0	0.0	0.0	0.0	0.0
Node_65	0.9999999999976177	4.632328965882527e-13	7.935012678157468e-14	7.936218817328915e-14	7.935735829563519e-14	1.584661503073857e-13	2.3818705891845965e-13	7.935655044239089e-14	7.93196743934658e-14	1.5882900560949495e-13	3.793534711370994e-13	5.87351588400211e-13
Node_100	3.796828428832803e-10	4.4332465509119866e-10	7.593991671569713e-11	7.59514597480873e-11	7.594683744283119e-11	1.5165579117126777e-10	2.2795055472078724e-10	7.594606430848877e-11	7.591077307206883e-11	1.5200305213403634e-10	0.999999997703579	5.621091296895645e-10
ERR5413660	0.0	0.0	0.0	0.0	0.0	0.0	0.0	0.0	0.0	0.0	1.0	0.0
ERR5413650	0.0	0.0	0.0	0.0	0.0	0.0	0.0	0.0	0.0	0.0	1.0	0.0
Node_107	3.500720860017632e-16	4.087505892411456e-16	7.001750373081127e-17	7.002814662591135e-17	7.002388472329727e-17	1.398284378410226e-16	2.1017311456056508e-16	7.002317188426378e-17	6.99906329457911e-17	1.40148616566621e-16	0.9999999999999979	5.18271287350074e-16
ERR494954	1.0	0.0	0.0	0.0	0.0	0.0	0.0	0.0	0.0	0.0	0.0	0.0
ERR484960	1.0	0.0	0.0	0.0	0.0	0.0	0.0	0.0	0.0	0.0	0.0	0.0
SRR23701797	1.0	0.0	0.0	0.0	0.0	0.0	0.0	0.0	0.0	0.0	0.0	0.0
SRR23701793	1.0	0.0	0.0	0.0	0.0	0.0	0.0	0.0	0.0	0.0	0.0	0.0
ERR5412105	0.0	0.0	0.0	0.0	0.0	0.0	0.0	0.0	0.0	0.0	1.0	0.0
Node_99	2.9864170611595335e-15	3.4869953657717526e-15	5.973097472105563e-16	5.974005395903228e-16	5.97364182584646e-16	1.1928572772427295e-15	1.7929580924683136e-15	5.973581014523693e-16	5.970805162189872e-16	1.1955886781562213e-15	0.999999999999982	4.4213014272401875e-15
SRR6046599	0.0	0.0	0.0	0.0	0.0	0.0	0.0	0.0	0.0	0.0	1.0	0.0
Node_106	3.5007196680766907e-16	4.0875045278203543e-16	7.00174803844082e-17	7.002812319358859e-17	7.002386137476597e-17	1.3982839121709433e-16	2.1017304448107866e-16	7.002314853597187e-17	6.99906096083483e-17	1.401485698359357e-16	0.9999999999999979	5.18271110426431e-16
ERR5414345	0.0	0.0	0.0	0.0	0.0	0.0	0.0	0.0	0.0	0.0	1.0	0.0
Node_98	3.500878415527321e-16	4.087689884257161e-16	7.002065547341174e-17	7.003129876521257e-17	7.002703675312886e-17	1.3983473202777332e-16	2.101825752170993e-16	7.002632388200961e-17	6.999378347884034e-17	1.4015492516578343e-16	0.9999999999999979	5.18294612513235e-16
ERR5412023	0.0	0.0	0.0	0.0	0.0	0.0	0.0	0.0	0.0	0.0	1.0	0.0
Node_105	3.500695360808482e-16	4.08747614620812e-16	7.00169942176127e-17	7.002763695289467e-17	7.002337516366401e-17	1.3982742031782024e-16	2.1017158514328222e-16	7.002266232981952e-17	6.999012362813019e-17	1.4014759671349945e-16	0.9999999999999979	5.182675118078381e-16
ERR5413620	0.0	0.0	0.0	0.0	0.0	0.0	0.0	0.0	0.0	0.0	1.0	0.0
ERR5414130	0.0	0.0	0.0	0.0	0.0	0.0	0.0	0.0	0.0	0.0	1.0	0.0
ERR5413487	0.0	0.0	0.0	0.0	0.0	0.0	0.0	0.0	0.0	0.0	1.0	0.0
SRR6046912	0.0	0.0	0.0	0.0	0.0	0.0	0.0	0.0	0.0	0.0	1.0	0.0
