node	Australia	Canada	China	Czech Republic	Denmark	Germany	Ireland	Japan	Netherlands	Singapore	South Korea	Spain	Taiwan	UK	USA
root	0.0030460924400701364	0.0018352766489588349	0.06482523323179849	0.0005078143535103811	0.0008417193769824909	0.0013990593500316979	0.0011547080252309794	0.010238712854200116	0.0017622884325414355	0.17264546467429456	0.0005756020749313599	0.001932701940683741	0.10867229209687758	0.6063965183112845	0.024166516188603628
n0	0.012920679439818925	0.006639988614776798	0.027270523727467737	0.002153338582526609	0.04823865129955228	0.010681594094951681	0.0022862115551149304	0.007355483835920786	0.0066005334634017645	0.05103861745919723	0.004221091871317372	0.0045906858557399075	0.031135032043134184	0.7632274930436147	0.021640075113465093
n4	0.003037304627404047	0.0018308753058361399	0.06483151492598165	0.0005063498585833148	0.0008332246369380887	0.0013913185644640303	0.0011534148911656174	0.010237326199102132	0.0017578868454987974	0.1726790422410651	0.0005725527795338293	0.0019299412463365869	0.10869420128103628	0.6063851424629576	0.024159904134096872
n00	4.4861760662778216e-11	2.2871743391036066e-11	5.511109466382215e-11	7.476478257995845e-12	0.9999999993642206	3.7845902404176794e-11	7.520659009139342e-12	1.977537423500588e-11	2.277791145026296e-11	6.836446945044377e-11	1.494032565017672e-11	1.5362942073683224e-11	3.9431614532869784e-11	2.172228502313678e-10	6.22162145625765e-11
n1	3.829406533759908e-05	1.959750853754998e-05	6.308846445976405e-05	6.381976255131182e-06	7.467210811866997e-05	3.199780538248195e-05	6.588829286744092e-06	1.9217114313085615e-05	1.9499914248902872e-05	0.00010248777138623574	1.2637808337393565e-05	1.3347504251464966e-05	6.150199608681914e-05	0.9994723408299716	5.8346304026583e-05
n44	0.00305076307325673	0.0015788664303357331	0.009426701948618462	0.0005075371313754268	0.0005386067821472852	0.002460320080241422	0.0005704698573913772	0.0021704383074075263	0.0015662961707836379	0.26765222263624794	0.0009733390038510884	0.0011256751122861264	0.012542719377747301	0.6897564469976726	0.006079597090637325
n43	0.003034422111677345	0.0018296071846353541	0.06487143252405544	0.0005058697923856546	0.0008288724712751283	0.0013880549778074998	0.0011533900804505048	0.01024238507645978	0.001756577356564364	0.17267904530770378	0.0005712810151454717	0.001929587421560068	0.10876707796398646	0.6062723008549847	0.024170095861308416
ERR363475	0.0	0.0	0.0	0.0	1.0	0.0	0.0	0.0	0.0	0.0	0.0	0.0	0.0	0.0	0.0
ERR363422	0.0	0.0	0.0	0.0	1.0	0.0	0.0	0.0	0.0	0.0	0.0	0.0	0.0	0.0	0.0
n11	3.749306715898478e-05	1.9187513376040986e-05	6.175294703439271e-05	6.248484212556813e-06	7.304898349897045e-05	3.132881088167263e-05	6.450842949875183e-06	1.8812834567774838e-05	1.909197780416145e-05	0.00010030031645532004	1.23735770868435e-05	1.306808261464164e-05	6.018797673064253e-05	0.9994835339020703	5.712068355771566e-05
ERR5412101	0.0	0.0	0.0	0.0	0.0	0.0	0.0	0.0	0.0	0.0	0.0	0.0	0.0	1.0	0.0
n5	4.5726492864881233e-10	2.330453610936419e-10	5.445753073189951e-10	7.620539627393035e-11	7.622184406777868e-11	3.860805264870483e-10	7.647488051450029e-11	1.9906588500876386e-10	2.3210767028984817e-10	7.772637484459226e-10	1.5240538993979038e-10	1.5633990883762627e-10	3.7214581361489255e-10	0.9999999956322534	6.285500357849236e-10
n77	0.003046565567567979	0.0015766777334802096	0.009411269164282103	0.0005068371668817146	0.000537850985596956	0.0024569739875018246	0.0005696574625811602	0.0021670907845247746	0.0015641274624196273	0.2676994745245427	0.0009720141195979111	0.0011240872437645395	0.012521200947975515	0.6897757543318002	0.006070418517482997
n4343	0.00305546829345422	0.001834186060540236	0.06515212001223512	0.0005074347131997709	0.0008302013873967879	0.001396843264578232	0.0011544879012706716	0.010239943451851825	0.0017611858735935018	0.17270154640241447	0.0005747331070321256	0.0019321452346571033	0.10873333457572168	0.6058876837650184	0.024238685957035877
n49	0.0030320532327259312	0.0018310450118184628	0.06481620805870007	0.0005062039755148135	0.0008269211033597071	0.0013880191823167879	0.0011546756726981801	0.010256385663339154	0.001757912764351964	0.1726451908365162	0.0005713012527728622	0.001931585297383791	0.10886231272980301	0.6062576049370052	0.02416258028169398
ERR5413519	0.0	0.0	0.0	0.0	0.0	0.0	0.0	0.0	0.0	0.0	0.0	0.0	0.0	1.0	0.0
n2	2.4099667338418353e-11	1.228412886208282e-11	2.9056907863256718e-11	4.016350890574276e-12	5.9946296553479146e-12	2.0341274863165812e-11	4.034300885300144e-12	1.0543391061036863e-11	1.2234320884899549e-11	3.521617825859645e-11	8.029861375775154e-12	8.244957739832782e-12	2.023049240965857e-11	0.9999999997724301	3.324332127917792e-11
ERR5413013	0.0	0.0	0.0	0.0	0.0	0.0	0.0	0.0	0.0	0.0	0.0	0.0	0.0	1.0	0.0
n55	3.601484530454593e-14	1.8354443448096638e-14	4.2760136681659107e-14	6.002067045550633e-15	6.002660299372444e-15	3.0410879159273515e-14	6.0219054221051464e-15	1.5659611707219447e-14	1.8280732779759716e-14	5.526544238995673e-14	1.2004654348803261e-14	1.2311682992036427e-14	2.908257475641753e-14	0.9999999999996624	4.9462729879065533e-14
n8	0.0013589234134302383	0.0006944232987238266	0.0020635943236597763	0.00022640277806893977	0.0002288307883199583	0.001138496179683357	0.0002319015776980149	0.0006563221513119653	0.0006911514044568291	0.9315301336578595	0.0004495851038050808	0.00047096703651087194	0.0018790154616120755	0.05636736159391542	0.002012891230944241
n9	1.7628138823424556e-05	1.8273851390508e-07	6.390552908901382e-07	5.943214378584599e-08	6.058793778105674e-08	9.883892421670974e-07	6.189936598072731e-08	1.8643206367059307e-07	1.8177367994129535e-07	1.0315749964687612e-05	1.1732064546498647e-07	1.2504560888744547e-07	6.61777795217585e-07	0.9999682315554164	5.601035076815142e-07
n4444	0.003081480607113054	0.0018410148612917744	0.06515221977854461	0.0005096917768001498	0.0008323748663658794	0.0014085841262025552	0.0011565848300108717	0.010243516846459591	0.0017680042944387567	0.17276055839400023	0.0005793617384879206	0.0019365435634826182	0.10871667302320681	0.6057613134468892	0.024252077846706067
n46	0.003067694870844152	0.0018399405471918376	0.0654832468515807	0.0005093773034818671	0.0008319316501067064	0.0014074590879263316	0.0011560119160534392	0.010239140312967085	0.001766960472218152	0.1726070896649788	0.0005789083257408134	0.0019355430278527085	0.10870717049072266	0.6055490191680843	0.024320506310250258
n4949	0.003047667757230569	0.0018353341085570083	0.0648411001635191	0.0005076379283146994	0.0008282464865234301	0.0013965370153878392	0.0011558950961678368	0.010257097644559779	0.0017758684082000125	0.17260026718472474	0.0005743188355775541	0.0019512013227340785	0.10883318728932861	0.6062280204351156	0.024167620324059086
n62	0.0030286377153115698	0.0018356390011206544	0.06468391885285645	0.0005074235310391865	0.0008256644075015227	0.0013900555102693505	0.0011578747863624892	0.010286859921671405	0.0017556866106684334	0.1726403449030303	0.0005723930562727285	0.0019285697452548231	0.10906441217350193	0.6061558711017343	0.024166648683404873
n22	2.0872389398182435e-14	1.0637141301358259e-14	2.473881910821935e-14	3.47850494265712e-15	3.547668524117243e-15	1.7625480365496618e-14	3.489550407297094e-15	9.069303227096306e-15	1.0594468948710087e-14	2.932591167540023e-14	6.957619613690925e-15	7.134626142065208e-15	1.6780452519779797e-14	0.9999999999998072	2.865218812579226e-14
ERR5413019	0.0	0.0	0.0	0.0	0.0	0.0	0.0	0.0	0.0	0.0	0.0	0.0	0.0	1.0	0.0
n6	2.0031181336262743e-14	1.0208359011532244e-14	2.3724556285515538e-14	3.338312685382597e-15	3.338331070886278e-15	1.6915460811547256e-14	3.348731383693972e-15	8.701279177881625e-15	1.0167425247530323e-14	2.8096777404066863e-14	6.6773343911647144e-15	6.8468324556325264e-15	1.6074264098265e-14	0.999999999999815	2.749181068130802e-14
SRR6045118	0.0	0.0	0.0	0.0	0.0	0.0	0.0	0.0	0.0	0.0	0.0	0.0	0.0	1.0	0.0
SRR14719135	0.0	0.0	0.0	0.0	0.0	0.0	0.0	0.0	0.0	1.0	0.0	0.0	0.0	0.0	0.0
n88	0.0013589914983989048	0.0006944559951011221	0.002063192601973702	0.00022641419885988765	0.00022883963144606535	0.001138563293299465	0.00023190794380990325	0.0006562815954319777	0.0006911844874222993	0.9315878032436021	0.0004496114196799768	0.0004709834305753197	0.0018782325132863128	0.056310710505198085	0.002012827641914877
ERR5412370	0.0	0.0	0.0	0.0	0.0	0.0	0.0	0.0	0.0	0.0	0.0	0.0	0.0	1.0	0.0
n99	1.73253002616557e-05	7.127145684148587e-09	2.5128437414614414e-08	2.3179860100166143e-09	2.3629607776035958e-09	7.04595795153153e-07	2.4140082479715826e-09	7.268434737963933e-09	7.089509989808708e-09	4.0149194131344494e-07	4.57590630795465e-09	4.876774318564044e-09	2.5777096018042084e-08	0.9999814578324736	2.1841268767086874e-08
n45	0.01797288788831199	0.009188979101887505	0.02800803667628478	0.002994864853772774	0.003030145336557123	0.015046880329145453	0.003074733283517453	0.008780359205767614	0.009144960700357169	0.7338853594675074	0.005942266340375857	0.006239817255799612	0.02603338500276784	0.10380222580326215	0.026855098754685145
n4545	0.999999996991517	1.3719758054747386e-10	3.326755978910488e-10	4.484504582968814e-11	4.4918571283844844e-11	2.2696632194566215e-10	4.513154858829943e-11	1.1891270846640278e-10	1.3663253808251365e-10	4.1569302760345195e-10	8.959966573050164e-11	9.21789387209041e-11	2.40064247301274e-10	7.098031837282898e-10	3.738640477722977e-10
n4646	0.0030815220776481468	0.0018469034904983277	0.06551812849564385	0.0005116822544454179	0.0008341389694129682	0.001419493708626706	0.0011581287895663524	0.01024245042702137	0.0017739153547415027	0.1725755344600645	0.0005836519023427814	0.0019400007774233903	0.10870619853931761	0.6053971653306432	0.02441108542260377
n4747	0.005442181827494445	0.0009026589719434042	0.9038621880975535	0.0002935525267762031	0.000299259199544483	0.0014666932981863138	0.0003058777713433737	0.0009227610520884453	0.0008978791403800756	0.005447780085778976	0.0005793858075611576	0.000617828237890406	0.003292832328801054	0.07289567774873622	0.002773443905922097
n50	0.0030734977796696714	0.0018427916582241031	0.06488768254317963	0.0005101023384431162	0.0008306220176935759	0.0014107016704408048	0.0011581878982973514	0.010261044041534698	0.0017973399901978556	0.17257433739840283	0.0005793704707786335	0.0019831289081236408	0.10881555580299965	0.6060932638547832	0.024182373627231385
n5757	0.003057313979293476	0.0018401816258484369	0.06483767702535007	0.0005092455935797813	0.0008297764173870538	0.0014049682600094252	0.0011573509680500782	0.010259121628236929	0.001782710550844749	0.17257299145471602	0.0005776414607705824	0.0019542779465219133	0.10881513024489291	0.6062255996535336	0.024176013190964872
n6262	0.0030341997607278015	0.0018383504215903174	0.06466475899678506	0.000511073735816798	0.0008264561170006198	0.0013989480953904298	0.0011585300462840236	0.010285495331831328	0.001758425490856809	0.1725771826118272	0.0005764444213365721	0.0019300944232157034	0.10909106570642998	0.6061831251352392	0.024165849705668162
n6767	0.003034143534330609	0.0018509420179095076	0.06463821962695039	0.0005083221959209852	0.0008262916907889465	0.0013956163191064701	0.0011676514941162577	0.010374562985717189	0.0017582443680769582	0.1727241012812095	0.0005745742431694597	0.0019297040581377314	0.10915068669912284	0.6058595946444814	0.024207344840961768
n3	2.003065196654213e-14	1.0208089220022303e-14	2.3723926273410628e-14	3.338224463407542e-15	3.3382452455956967e-15	1.691501384289079e-14	3.3486428543313514e-15	8.701048785373025e-15	1.0167156541097684e-14	2.809587060946332e-14	6.677157950338055e-15	6.846651469336638e-15	1.6073834025703097e-14	0.999999999999815	2.7491083159451258e-14
ERR5412132	0.0	0.0	0.0	0.0	0.0	0.0	0.0	0.0	0.0	0.0	0.0	0.0	0.0	1.0	0.0
ERR5411995	0.0	0.0	0.0	0.0	0.0	0.0	0.0	0.0	0.0	0.0	0.0	0.0	0.0	1.0	0.0
n66	2.0030622559909006e-14	1.0208074230813637e-14	2.3723890817291858e-14	3.338219562619681e-15	3.3382379280303196e-15	1.6914989022293968e-14	3.3486379316342187e-15	8.7010359201417e-15	1.0167141612665854e-14	2.809582764211869e-14	6.677148152232543e-15	6.846641408755179e-15	1.6073809339204058e-14	0.999999999999815	2.7491042595447395e-14
SRR14719208	0.0	0.0	0.0	0.0	0.0	0.0	0.0	0.0	0.0	1.0	0.0	0.0	0.0	0.0	0.0
SRR14719285	0.0	0.0	0.0	0.0	0.0	0.0	0.0	0.0	0.0	1.0	0.0	0.0	0.0	0.0	0.0
n10	1.0158586379521996e-09	4.730732586848241e-13	2.435604148704657e-10	1.4447678725767977e-13	1.4711376956503142e-13	4.215684185396534e-11	1.5013345509119497e-13	4.48496224825412e-13	4.417694247729869e-13	6.144359895188174e-11	2.8543365585374365e-13	3.0350910538230013e-13	1.5752306811117743e-12	0.9999999986291017	3.909515356076607e-12
n3434	0.0008448431482302023	3.379994175096832e-07	7.938956631210937e-07	1.1051931300577832e-07	1.1056388293119187e-07	3.48152484436852e-05	1.1095104967538653e-07	2.892668273030343e-07	3.366352424982414e-07	1.3036620915497878e-06	2.210028889402405e-07	2.2679344790359843e-07	5.464505223517118e-07	0.9991150410189232	9.12844056083096e-07
SRR14719149	0.0	0.0	0.0	0.0	0.0	0.0	0.0	0.0	0.0	1.0	0.0	0.0	0.0	0.0	0.0
SRR14719235	0.0	0.0	0.0	0.0	0.0	0.0	0.0	0.0	0.0	1.0	0.0	0.0	0.0	0.0	0.0
SRR23701795	1.0	0.0	0.0	0.0	0.0	0.0	0.0	0.0	0.0	0.0	0.0	0.0	0.0	0.0	0.0
SRR23701796	1.0	0.0	0.0	0.0	0.0	0.0	0.0	0.0	0.0	0.0	0.0	0.0	0.0	0.0	0.0
SRR7800730	0.0	0.0	0.0	0.0	0.0	0.0	0.0	0.0	0.0	0.0	0.0	0.0	0.0	0.0	1.0
n47	0.02592485324849815	0.013379564684351577	0.15200263894302748	0.004319392646168335	0.004514941208419831	0.02117525163215835	0.00472388750541054	0.01666041253266884	0.013286148073584471	0.1383862403238993	0.008373010428765768	0.00939901065868769	0.12165453106329077	0.4183819643604671	0.047818152690601676
ERR5414308	0.0	0.0	0.0	0.0	0.0	0.0	0.0	0.0	0.0	0.0	0.0	0.0	0.0	1.0	0.0
n48	0.005432319147275758	0.0008959294760491152	0.9046128477947365	0.0002913654544025034	0.00029702462812669243	0.001455784031046311	0.00030358890780341494	0.0009157484987360022	0.000891186286762751	0.005404592213303209	0.0005750759697117092	0.0006132114343715248	0.003266658285886713	0.07229219799455659	0.0027524698772314594
n5050	0.13154794918079213	0.014298640683723102	0.04431051518465588	0.004658991271747017	0.004717614937830437	0.03611497873160548	0.004791725936472935	0.013776496804185141	0.1466634737311341	0.06997773534467146	0.009238357413216158	0.2667848386367391	0.04187843494429192	0.16921923180730977	0.04202101539162539
SRR32604912	0.0	0.0	1.0	0.0	0.0	0.0	0.0	0.0	0.0	0.0	0.0	0.0	0.0	0.0	0.0
n58	4.093756950030374e-10	2.0894700658313362e-10	5.542034187950919e-10	6.822452685742857e-11	6.858799821961753e-11	3.443668721440911e-10	6.916982839742744e-11	1.8794451778610147e-10	2.0805242029202999e-10	7.648421207825008e-10	1.3596402470384218e-10	1.409581979143065e-10	4.4899557146206325e-10	0.9999999958058864	5.844814337467346e-10
n5959	0.015718222578495044	0.008238336059038658	0.0680843527945177	0.002619312027009939	0.0028783389035052253	0.012322405424479401	0.0031499237899610595	0.014044806918076481	0.011235241439658839	0.15804564730145218	0.004882850886402354	0.006107381950838117	0.09856213854282743	0.5563931052430457	0.037717936140691896
SRR27279523	0.0	0.0	0.0	1.0	0.0	0.0	0.0	0.0	0.0	0.0	0.0	0.0	0.0	0.0	0.0
n63	0.0030397821376543085	0.0018410740298317747	0.06464600513251564	0.000512001825694969	0.0008272532209375352	0.0014078508912955044	0.0011591927779905041	0.010284195652353837	0.0017611760426561923	0.1725151014448777	0.0005805001747365952	0.00193163163495415	0.10911785983451548	0.6062111714872029	0.024165203712783002
n68	0.003045435973636493	0.001856574010617611	0.06462696991526318	0.0005102030716712488	0.0008280443150761367	0.0014056228715378098	0.0011831195641397846	0.010375815019816296	0.0017638881760818075	0.17284943655026114	0.0005785147605316856	0.0019332038512485184	0.10918652556539475	0.605641888221358	0.024214758133365523
n7171	0.003043259946759573	0.0018714423911527101	0.06461782797148889	0.0005098211006617236	0.0008276288529591272	0.0014038116876534618	0.0011688204806567344	0.010490640729523977	0.0017627026915342948	0.17266618962092645	0.0005778048774560067	0.0019323777576492466	0.10916028318461296	0.6057027190885108	0.024264669618453943
ERR5414186	0.0	0.0	0.0	0.0	0.0	0.0	0.0	0.0	0.0	0.0	0.0	0.0	0.0	1.0	0.0
n33	2.0029922345357826e-14	1.020771738508391e-14	2.372306149630389e-14	3.3381028677987493e-15	3.3381212326511908e-15	1.6914397721580664e-14	3.348520872615145e-15	8.70073175624194e-15	1.0166786197825996e-14	2.8094845484809545e-14	6.676914737805844e-15	6.846402069315981e-15	1.607324744359379e-14	0.999999999999815	2.7490081585439422e-14
n7	2.002992234432981e-14	1.0207717384559924e-14	2.372306149506459e-14	3.3381028676274245e-15	3.338121232395404e-15	1.6914397720713103e-14	3.348520872443066e-15	8.700731755792253e-15	1.0166786197304196e-14	2.8094845483307623e-14	6.6769147374633765e-15	6.846402068964261e-15	1.6073247442730847e-14	0.999999999999815	2.7490081584021325e-14
ERR5413809	0.0	0.0	0.0	0.0	0.0	0.0	0.0	0.0	0.0	0.0	0.0	0.0	0.0	1.0	0.0
n1010	7.837320722951139e-10	1.938364426968674e-10	1.7790305569529792e-07	6.338385673133081e-11	6.338525318283576e-11	3.4160770908259493e-10	6.358374268953008e-11	1.652379728367705e-10	1.9304750432808656e-10	2.4389577246094373e-09	1.267797648150848e-10	1.3000225671618582e-10	3.0554820581560625e-10	0.9999998148612097	2.366632170794168e-09
n2121	8.731745702536027e-12	2.0815043022411787e-11	2.071736081830837e-11	5.274784355275961e-13	5.274957955128824e-13	1.058230302819457e-11	5.291532126175182e-13	1.375261704931183e-12	1.6065389652499348e-12	8.276321020839854e-11	1.0550494326546683e-12	1.0818902873060713e-12	9.303613187470121e-12	0.9999999996742311	1.661526275880725e-10
n35	0.0012417967324435963	8.673710972181173e-06	2.016634392790504e-05	2.8364434129346716e-06	2.8365029175226555e-06	0.0008950100028221285	2.8453824610091625e-06	7.39435904857717e-06	8.638922043146e-06	2.424563133863086e-05	5.673430149956811e-06	5.81762529812516e-06	1.3671985248522934e-05	0.9977370314457654	2.3361482150262348e-05
n40	0.0008790030912168812	6.682496594579598e-07	1.5613920568308355e-06	2.1851696580777168e-07	2.1856204733667297e-07	3.5298155317785136e-05	2.192855932027173e-07	5.7075937762163e-07	6.655612545291009e-07	2.211913383282717e-06	4.370212440817453e-07	4.482948909085521e-07	1.0664415133712378e-06	0.9990756105297779	1.8022257009512194e-06
SRR32604928	0.0	0.0	1.0	0.0	0.0	0.0	0.0	0.0	0.0	0.0	0.0	0.0	0.0	0.0	0.0
DRR317509	0.0	0.0	0.0	0.0	0.0	0.0	0.0	0.0	0.0	0.0	0.0	0.0	1.0	0.0	0.0
n4848	0.005438202408689592	0.0008965279373708987	0.9046403761828075	0.0002915621312177179	0.00029721791874901476	0.0014567929305133963	0.00030377942449579605	0.000916167551263624	0.0008917830372795884	0.005404479914195107	0.0005754739852973665	0.0006136054608375692	0.0032664894700381777	0.07225366343866778	0.0027538782085768164
SRR29408737	0.0	0.0	1.0	0.0	0.0	0.0	0.0	0.0	0.0	0.0	0.0	0.0	0.0	0.0	0.0
n51	0.13152610595081135	0.014301882327597297	0.044315029255541094	0.004660055956136316	0.004718663658481691	0.03612689140570538	0.004792761732450217	0.013778826887434857	0.14673401256329244	0.06997831164268421	0.009240508977875855	0.2667169201415365	0.04187826218634233	0.16920297956124655	0.042028787752863825
n5454	0.13158651877066993	0.014298246993137155	0.04430516088044241	0.004658869305374663	0.004717469492713393	0.03610934940574964	0.004791556233368735	0.013775524664139569	0.14661002493468223	0.06996438212280898	0.009238145753900685	0.2668823946237462	0.04187005677145412	0.16917375274103874	0.04201854730677346
ERR459871	0.0	0.0	0.0	0.0	0.0	0.0	0.0	0.0	0.0	0.0	0.0	0.0	0.0	1.0	0.0
n5858	3.434091117638391e-14	1.7512101954059672e-14	4.3096542574366045e-14	5.723101426631435e-15	5.7358239212886685e-15	2.895281066327027e-14	5.766561060152682e-15	1.5270852097746823e-14	1.743989808714243e-14	5.483113942044095e-14	1.1429959104281889e-14	1.1774024166214498e-14	3.176856382106806e-14	0.9999999999996685	4.792229819981039e-14
n60	0.02648316839911548	0.013679994110346911	0.07119704653328439	0.004413395818911076	0.004621973058543214	0.02159819288204226	0.004847828239813315	0.017314972544309658	0.020600113482121506	0.14665047125684788	0.008540817850592526	0.009643792716911048	0.09045647022294499	0.5106048444204356	0.04934691846378018
n61	0.023487978123655252	0.012171478952705567	0.07153477446932824	0.003914212607042797	0.004143129724779312	0.018994198260078567	0.00438811888266239	0.016580720523269987	0.014800304435211244	0.1531386622196985	0.007514359578330323	0.008677717732521687	0.09480329710244931	0.5193468297467414	0.046504217641525326
n6363	0.008211854911319694	0.00420914260041755	0.014784166918357782	0.0013690011161889516	0.0013951298907137184	0.05627898801357175	0.0014267669982409306	0.004309849995793966	0.0042789272853446265	0.02545947978989256	0.0296927132331724	0.0028808443415777826	0.015428998491890519	0.8173471453569642	0.01292699105655348
n65	0.015666105469293725	0.0081157998894293	0.04615430995156867	0.0026132908904578905	0.0027558337437218992	0.012705292480005143	0.0029133288188617963	0.010857791904838312	0.008050471572363584	0.0980428611278822	0.005026573284575495	0.005758372322698966	0.24309633229531605	0.5077034375372564	0.03054019871173048
n6868	3.341820846023729e-06	1.7138935649915604e-06	6.126593692644766e-06	5.570285072573602e-07	5.683273048546563e-07	2.78057943094079e-06	5.8262530149243e-07	1.7733762445556662e-06	1.7039917373631022e-06	0.9999383872268451	1.0984669951592322e-06	1.1739732785407356e-06	6.4752361191171325e-06	2.8418345525414e-05	5.298514606392323e-06
n7070	0.015437529780889192	0.00809982530234353	0.06486786617778163	0.002574787338008039	0.0028174459790439024	0.01214608539958089	0.02177989589816967	0.013617043614209292	0.008002271422497112	0.1503491356215592	0.004812689747940747	0.005957842400128092	0.16273834695324352	0.49031681333586524	0.03648242102873993
DRR317460	0.0	0.0	0.0	0.0	0.0	0.0	0.0	1.0	0.0	0.0	0.0	0.0	0.0	0.0	0.0
n72	0.011332474195657806	0.047064736053928566	0.034995139019336256	0.0018427749769892217	0.001956887077807045	0.008913995140987535	0.0020845563831983845	0.0616898334147497	0.005687878359838884	0.09848397352405443	0.003546387755008795	0.004216660727238942	0.14399406199610967	0.41949787156855256	0.15469276980654226
ERR5412110	0.0	0.0	0.0	0.0	0.0	0.0	0.0	0.0	0.0	0.0	0.0	0.0	0.0	1.0	0.0
ERR5413824	0.0	0.0	0.0	0.0	0.0	0.0	0.0	0.0	0.0	0.0	0.0	0.0	0.0	1.0	0.0
ERR5412158	0.0	0.0	0.0	0.0	0.0	0.0	0.0	0.0	0.0	0.0	0.0	0.0	0.0	1.0	0.0
SRR6046166	0.0	0.0	0.0	0.0	0.0	0.0	0.0	0.0	0.0	0.0	0.0	0.0	0.0	1.0	0.0
n1111	5.131064489989129e-08	2.594605914098889e-08	2.9010476657370667e-06	8.484813027229874e-09	8.484860741797094e-09	4.353212348019399e-08	8.51129562774238e-09	2.2115608571524147e-08	2.584200837194357e-08	7.32937620215481e-08	1.6971426807351833e-08	1.7402235098469418e-08	4.0855437143846227e-08	0.9999964364304553	3.19771603899022e-07
n1919	1.2191922577359322e-07	6.192836618683167e-08	1.443534716827001e-06	2.0251659375932716e-08	2.025177183403036e-08	1.0263688973902434e-07	2.0314865563606595e-08	5.278577616012589e-08	6.168003248455124e-08	7.683699942671298e-07	4.050761873455689e-08	4.1535871613039385e-08	9.751379935687124e-08	0.999996978156852	1.6861256010041647e-07
n2222	6.100532476172208e-14	3.2805542069838035e-14	7.334138651839377e-14	1.0069625220592209e-14	1.0069682135073501e-14	5.185275988730215e-14	1.0101054868050567e-14	2.6246418833001538e-14	3.0668836193393465e-14	9.296194173546604e-14	2.0141387155225513e-14	2.065266394634575e-14	1.2284757385580564e-09	0.9999999987709843	9.989059610355824e-14
n24	8.969676315413108e-08	5.941801657651316e-07	4.378613889648503e-07	1.4947566038077168e-08	1.4947648287329103e-08	2.78302885220502e-07	1.4994216460695878e-08	3.8960681849209387e-08	4.552547184348041e-08	2.2122351797691385e-06	2.98983068713191e-08	3.065724791530667e-08	7.198050416461784e-08	0.9999913932045171	4.732607456594348e-06
SRR25361462	1.0	0.0	0.0	0.0	0.0	0.0	0.0	0.0	0.0	0.0	0.0	0.0	0.0	0.0	0.0
n3535	2.7994915367885123e-07	1.3416598019942323e-07	3.1180614056137353e-07	4.3874631775443124e-08	4.3874873752306444e-08	0.9999836225096477	4.401156286632402e-08	1.1435880545333181e-07	1.3362799762392185e-07	3.6927201124750103e-07	8.775858157474513e-08	8.998625480344392e-08	2.1126025466084126e-07	1.4152225901380692e-05	3.613182028811716e-07
n4040	1.076450883841768e-10	2.587758188560087e-11	6.014086904980142e-11	8.462422972526855e-12	8.462472372063285e-12	4.509497256898313e-11	8.4888392657269e-12	2.205729844663014e-11	2.5773816669943644e-11	7.124738265779839e-11	1.692663950702677e-11	1.7356318342007197e-11	4.074820603412185e-11	0.9999999994720279	6.969026660751227e-11
SRR25361426	1.0	0.0	0.0	0.0	0.0	0.0	0.0	0.0	0.0	0.0	0.0	0.0	0.0	0.0	0.0
SRR18969508	0.0	0.0	1.0	0.0	0.0	0.0	0.0	0.0	0.0	0.0	0.0	0.0	0.0	0.0	0.0
SRR25361476	1.0	0.0	0.0	0.0	0.0	0.0	0.0	0.0	0.0	0.0	0.0	0.0	0.0	0.0	0.0
n5151	8.888995119958944e-07	3.0286294254566406e-07	7.354051645227601e-07	9.899334776995306e-08	9.916070616234297e-08	5.372402190837014e-07	9.963876877956753e-08	2.6267357500786513e-07	0.9999919851411669	9.207510000516835e-07	1.9777823179840426e-07	9.353007233058423e-07	5.320163253894307e-07	1.5785047911554101e-06	8.256335255965403e-07
n54	2.3782616695038773e-10	1.1568857999909058e-10	2.7002218522511186e-10	3.7830429338243176e-11	3.78367628920678e-11	0.9999999975416791	3.796085087839781e-11	9.877532600260545e-11	1.2907798492611354e-10	3.21612474967208e-10	7.566046684309487e-11	1.0447862709517288e-10	1.841893584004532e-10	4.954370697085621e-10	3.1192457197473736e-10
n5555	1.6519646350601742e-06	4.290117103157344e-07	1.0837055889668678e-06	1.4016205104614837e-07	1.4062118003359874e-07	8.080456981880513e-07	1.415240114258348e-07	3.7810350579571957e-07	1.463106805310517e-06	1.4203132457009999e-06	2.7972329841586614e-07	0.9999874033216065	8.269922430050571e-07	2.65056135478373e-06	1.1828430655707731e-06
SRR25361450	1.0	0.0	0.0	0.0	0.0	0.0	0.0	0.0	0.0	0.0	0.0	0.0	0.0	0.0	0.0
ERR490670	0.0	0.0	0.0	0.0	0.0	0.0	0.0	0.0	0.0	0.0	0.0	0.0	0.0	1.0	0.0
n59	2.0030422587076064e-14	1.0207972710364022e-14	2.3723738687898556e-14	3.338186235607337e-15	3.3382050443972665e-15	1.6914818525424376e-14	3.3486053952915403e-15	8.700961413856421e-15	1.0167040429975614e-14	2.809578002672669e-14	6.6770808809098965e-15	6.846574314578849e-15	1.607379605733417e-14	0.999999999999815	2.749079579190579e-14
ERR2759452	0.0	0.0	0.0	0.0	0.0	0.0	0.0	0.0	1.0	0.0	0.0	0.0	0.0	0.0	0.0
n6060	5.100938083225168e-10	2.6003146868958137e-10	6.205770594362078e-10	8.501002172786233e-11	8.509652459921356e-11	4.3043614865863816e-10	8.544886847638339e-11	2.23975213304308e-10	2.618662010688063e-10	7.606540247421951e-10	1.6991973869596597e-10	1.7459857169785372e-10	4.3788010022534356e-10	0.9999999951889706	7.054415932491215e-10
n6161	5.491986238804773e-10	2.7990868529230195e-10	6.557136900768331e-10	9.152711626115054e-11	9.155512545343468e-11	4.6367335140308117e-10	9.186824636060913e-11	2.393309812719094e-10	2.7910806206976355e-10	7.847732760699721e-10	1.830358324185514e-10	1.877989042591657e-10	4.498381942415612e-10	0.9999999948972073	7.554626083276408e-10
SRR14719138	0.0	0.0	0.0	0.0	0.0	0.0	0.0	0.0	0.0	1.0	0.0	0.0	0.0	0.0	0.0
n64	0.008205698911776142	0.004205979148327196	0.014771394945899779	0.0013679746978833966	0.0013940751625252383	0.05629082381770886	0.0014256794127120462	0.004306371110950112	0.004275814255278984	0.025435738857169838	0.0296614531352466	0.002878660025507665	0.015414480524767129	0.8174491088152701	0.012916747178976883
SRR29760148	0.0	0.0	0.0	0.0	0.0	0.0	0.0	0.0	0.0	0.0	1.0	0.0	0.0	0.0	0.0
DRR317512	0.0	0.0	0.0	0.0	0.0	0.0	0.0	0.0	0.0	0.0	0.0	0.0	1.0	0.0	0.0
n6565	0.0011224129746787062	0.00057279529692603	0.0014940116198167623	0.0001870712162764931	0.00018792250460258078	0.0009447026585614487	0.00018939628700027813	0.0005117374673113511	0.0005703029041904581	0.002028137494397023	0.0003729856962434091	0.0003860579976215392	0.0022758986352831886	0.9875621867974025	0.001594380449688139
SRR14719167	0.0	0.0	0.0	0.0	0.0	0.0	0.0	0.0	0.0	1.0	0.0	0.0	0.0	0.0	0.0
n69	8.725694497215362e-08	4.475066997594033e-08	1.5994536885280657e-07	1.4544347106961991e-08	1.4839242223319819e-08	7.260304751213182e-08	1.5212434396486084e-08	4.630040570540052e-08	4.4492160853377506e-08	0.9999983915625776	2.8681800876246112e-08	3.065279982011073e-08	1.6903089996307279e-07	7.417876779875016e-07	1.383396219250528e-07
DRR317567	0.0	0.0	0.0	0.0	0.0	0.0	0.0	0.0	0.0	0.0	0.0	0.0	1.0	0.0	0.0
n71	5.2750883164455066e-08	2.6900296059412278e-08	6.592557272753317e-08	8.79139151242841e-09	8.809401880281844e-09	4.4479924457473205e-08	0.9999993496507698	2.3425889268222672e-08	2.678761326826728e-08	8.351753151893491e-08	1.7559671558956368e-08	1.8081135288732715e-08	5.3460402080468043e-08	1.4632928874282778e-07	7.353022871258832e-08
n7272	6.86650848530024e-07	5.480279521930697e-07	9.167580194029801e-07	1.1421438756534971e-07	1.1476244359423547e-07	5.767004895926565e-07	1.1570324696122843e-07	5.706241243807262e-07	3.4822188603721703e-07	1.3593621037474152e-06	2.2778349675842993e-07	2.3634944564257695e-07	1.198222497668587e-06	3.3607070183720687e-06	0.9999896259120395
n7575	0.011334056183688235	0.04709363999437589	0.03498589056820062	0.001843007000072422	0.0019570623227404722	0.008915381546587534	0.0020846716770350792	0.061723698213482565	0.005688547517167144	0.09846483645763641	0.0035469437472537856	0.004217054827935796	0.14402328531008432	0.4194588398791446	0.1546630847545953
n12	1.135443248271497e-06	5.785466543442608e-07	2.8466007605537954e-06	1.8919491524096248e-07	1.8919595662673608e-07	9.819130276724912e-07	1.8978538145386848e-07	4.931346694824841e-07	5.762267761934357e-07	1.593285845001286e-06	3.7843001416862767e-07	3.8803611369460466e-07	9.109896806909359e-07	0.9999878658512468	1.6833657097997474e-06
n1818	1.6427493950817993e-05	8.371632711407557e-06	0.0008696453221543557	2.7376709274895683e-06	2.7376859899798727e-06	1.3872506010809844e-05	2.746215024796124e-06	7.1357119341222e-06	8.338063895682674e-06	2.304324352782801e-05	5.4759233260012075e-06	5.6149246008227965e-06	1.3182117247602318e-05	0.9989174057807144	0.0001032657079837863
n20	7.705932433062402e-07	3.925080607139459e-07	2.2103645180936555e-06	1.2835702561535287e-07	1.2835773282027848e-07	6.50414222315094e-07	1.2875762171073356e-07	3.345613325777867e-07	3.909341594300371e-07	4.8739986027930465e-06	2.567413124436771e-07	2.632584584916104e-07	6.18050274434022e-07	0.999987794219176	1.0588842592523179e-06
n2020	3.1782835453934634e-06	1.6195232820492229e-06	3.3392623264955266e-05	5.296125536270771e-07	5.29615468363388e-07	2.6836037014561702e-06	5.31265442474714e-07	1.3804298552873432e-06	1.6130292612153662e-06	5.0550672678937215e-06	1.0593375938373152e-06	1.0862279073394546e-06	2.550129555982364e-06	0.9999404279299223	4.363321377808124e-06
n23	2.0032058553225852e-14	1.020886601554427e-14	2.3725629601341418e-14	3.3384554796877103e-15	3.3384738464485593e-15	1.6916213414302473e-14	3.3488745850875844e-15	8.701650837047945e-15	1.0167860140105328e-14	2.8098100223164676e-14	6.6776200364062075e-15	6.8471252714888745e-15	5.900969279106798e-14	0.999999999999772	2.7493578366053764e-14
n2323	5.730262043505366e-10	2.920281418207158e-10	6.786817698550394e-10	9.549811196034136e-11	9.549863734928914e-11	4.838958036960349e-10	9.579615543984762e-11	2.489148742106097e-10	2.908564909619457e-10	8.037540910573353e-10	1.9101650740884972e-10	1.9586528553470447e-10	3.4952677496020073e-05	0.9999650424912163	7.864556212309923e-10
n2424	1.4651963363258206e-06	1.2945930401786895e-06	7.158470533824163e-06	2.441825580656444e-07	2.44183901464584e-07	4.54979319076597e-06	2.449446361864074e-07	6.364593970668384e-07	7.437014254627481e-07	3.617456488021464e-05	4.884169796943359e-07	5.008149949747619e-07	1.1757663586045797e-06	0.9999384633222558	6.615589511353119e-06
n30	1.1557693046242714e-06	7.668164673348457e-06	1.699956836657373e-06	1.9261474700180653e-07	1.926158066974134e-07	1.1782244763036806e-06	1.932158852937657e-07	5.020484130160431e-07	5.866424819432296e-07	3.704153216143534e-06	3.852704047310676e-07	3.9505013919893094e-07	9.274629859219532e-07	0.9999201372976074	6.108151302177256e-05
n36	9.230069792959078e-09	4.703607265934075e-09	1.0931333641905675e-08	1.5381621875920878e-09	1.5381706498989955e-09	0.9999999024892933	1.5429626930977697e-09	4.009204366511984e-09	4.684746611532795e-09	1.2945805209059032e-08	3.0766510758136972e-09	3.1547490300020486e-09	7.406380943872771e-09	2.0081726857316337e-08	1.2667136306690295e-08
n3939	3.882450749580691e-12	1.8608776830684254e-12	4.3247407960922745e-12	6.08539683480132e-13	6.085430396755967e-13	0.9999999997731993	6.104389131256339e-13	1.5861528277039012e-12	1.8534158826424077e-12	5.121790381854859e-12	1.2172086076622546e-12	1.2481063611896895e-12	2.9301727006851993e-12	1.9593679603842904e-10	5.011471455770521e-12
n41	2.3791826977940377e-14	1.111196180183884e-14	2.5824573353427105e-14	3.633806645639798e-15	3.633826736605827e-15	1.8490175795096127e-14	3.645147719190945e-15	9.471483408094458e-15	1.1067404730313931e-14	3.05844541798434e-14	7.268384966176479e-15	7.452886632935217e-15	1.7497118427658548e-14	0.9999999999997965	2.99252795415054e-14
n4141	2.2182049037909765e-10	1.1058463824809435e-10	2.570022801410423e-10	3.616311888817684e-11	3.6163318083041596e-11	1.834290833912924e-10	3.627598213794192e-11	9.42588144690892e-11	1.101412128610567e-10	3.043657197773462e-10	7.233391838029357e-11	7.417004927392702e-11	1.7412855239535975e-10	0.9999999979913509	2.978120139806303e-10
n52	8.681442367815184e-09	2.958356626652923e-09	7.18327728867751e-09	9.669644242433009e-10	9.685984385853144e-10	5.247590709069316e-09	9.732673910730154e-10	2.565768024050058e-09	0.999999921717994	8.99348411961242e-09	1.9318935954734062e-09	9.132753116456484e-09	5.196476600076611e-09	1.541741278697698e-08	8.064720609230652e-09
ERR2524315	0.0	0.0	0.0	0.0	0.0	0.0	0.0	0.0	1.0	0.0	0.0	0.0	0.0	0.0	0.0
ERR1869532	0.0	0.0	0.0	0.0	0.0	1.0	0.0	0.0	0.0	0.0	0.0	0.0	0.0	0.0	0.0
ERR1869531	0.0	0.0	0.0	0.0	0.0	1.0	0.0	0.0	0.0	0.0	0.0	0.0	0.0	0.0	0.0
ERR3198394	0.0	0.0	0.0	0.0	0.0	0.0	0.0	0.0	0.0	0.0	0.0	1.0	0.0	0.0	0.0
n56	9.258850037601883e-12	2.404921604813834e-12	6.074783200946064e-12	7.857101551759357e-13	7.882829955273232e-13	4.529488853939427e-12	7.933430947833456e-13	2.1195195330475113e-12	8.1997167629149e-12	7.961409465875892e-12	1.5680536228007849e-12	0.999999999929393	4.635590119285356e-12	1.485661794861241e-11	6.6306381715134594e-12
ERR330825	0.0	0.0	0.0	0.0	0.0	0.0	0.0	0.0	0.0	0.0	0.0	0.0	0.0	1.0	0.0
ERR363311	0.0	0.0	0.0	0.0	0.0	0.0	0.0	0.0	0.0	0.0	0.0	0.0	0.0	1.0	0.0
ERR343181	0.0	0.0	0.0	0.0	0.0	0.0	0.0	0.0	0.0	0.0	0.0	0.0	0.0	1.0	0.0
ERR374043	0.0	0.0	0.0	0.0	0.0	0.0	0.0	0.0	0.0	0.0	0.0	0.0	0.0	1.0	0.0
ERR5413159	0.0	0.0	0.0	0.0	0.0	0.0	0.0	0.0	0.0	0.0	0.0	0.0	0.0	1.0	0.0
ERR5412208	0.0	0.0	0.0	0.0	0.0	0.0	0.0	0.0	0.0	0.0	0.0	0.0	0.0	1.0	0.0
ERR5412562	0.0	0.0	0.0	0.0	0.0	0.0	0.0	0.0	0.0	0.0	0.0	0.0	0.0	1.0	0.0
n6464	0.00821891755720681	0.004212708735009194	0.014785598685204102	0.0013701775333384884	0.0013962705108713567	0.05639795789117468	0.0014278737655140903	0.004311899882148929	0.004282694445625094	0.025450277493429766	0.029658120846575407	0.0028831570401318483	0.0154225502812552	0.8172473818194446	0.012934413513070503
n6666	6.988295716179777e-11	3.562438449499228e-11	8.494142057396121e-11	1.1646593016320022e-11	1.1657880654146848e-11	5.897184898562955e-11	1.1705925859677832e-11	3.0675356725976084e-11	3.547895513405472e-11	1.0401102327622687e-10	2.3279866131233545e-11	2.391838281776127e-11	7.423134149047547e-11	0.9999999993273513	9.662272078575359e-11
n67	6.292264968328986e-11	3.2090435963291685e-11	7.94553355761601e-11	1.048686149059197e-11	1.0512383225384105e-11	5.304181253471769e-11	1.0571737754826583e-11	2.8056804445593502e-11	3.195590143649986e-11	1.0184847891199178e-10	2.0940117808769628e-11	2.1579610109371707e-11	9.167844108772544e-11	0.9999999993568863	8.797318123831359e-11
n6969	1.4679045721693049e-09	7.528085562861545e-10	2.6862753135782824e-09	2.446761879257057e-10	2.496139612041007e-10	1.221470304224173e-09	2.5586630810410247e-10	7.782413202642896e-10	7.484660201838949e-10	0.9999999729997265	4.82539537133064e-10	5.156002920423087e-10	2.8357842310727498e-09	1.2435230807492537e-08	2.3257959675595777e-09
SRR14719313	0.0	0.0	0.0	0.0	0.0	0.0	0.0	0.0	0.0	1.0	0.0	0.0	0.0	0.0	0.0
ERR4020054	0.0	0.0	0.0	0.0	0.0	0.0	1.0	0.0	0.0	0.0	0.0	0.0	0.0	0.0	0.0
ERR4020059	0.0	0.0	0.0	0.0	0.0	0.0	1.0	0.0	0.0	0.0	0.0	0.0	0.0	0.0	0.0
n73	6.804601190648836e-05	3.4688065129708454e-05	8.059775261727768e-05	1.1340251658014352e-05	1.1340342301603012e-05	5.7461733314052166e-05	1.1375702302691805e-05	2.9572339161421384e-05	3.4538772743403425e-05	9.546476464600791e-05	2.2682877391652886e-05	2.3258805029294843e-05	5.463772956987933e-05	0.00014517807678254862	0.999319816775446
n7373	1.7310270573207707e-08	1.3811641296338073e-08	2.3109123650562565e-08	2.8793163154267393e-09	2.8931216355624555e-09	1.4538516926708433e-08	2.916827261479685e-09	1.4379790155460565e-08	8.778579883982166e-09	3.426115528096877e-08	5.742378821328998e-09	5.958268483033991e-09	3.019382218947345e-08	8.468429424377345e-08	0.9999997385428933
n76	0.011342014343022639	0.047144426778578094	0.0349886498023211	0.001844347457864264	0.001958367528976352	0.00892230459718903	0.002085943382024646	0.061709594380990794	0.005692606826720936	0.09845047192412966	0.003549668064408553	0.0042196689596590235	0.14398795619183638	0.4194729802277821	0.15463099953449633
n9494	0.011341967832348962	0.047082019820431184	0.03498670859317233	0.0018442729625765156	0.0019582856773266133	0.00892195442497322	0.0020858534377899344	0.061783729109444574	0.0056923750784973574	0.09846398358084107	0.0035495570251487907	0.004219659232762039	0.14408260740496626	0.41933104779432495	0.15465597802539624
ERR5412538	0.0	0.0	0.0	0.0	0.0	0.0	0.0	0.0	0.0	0.0	0.0	0.0	0.0	1.0	0.0
n1212	6.247736345284135e-07	3.1839918210237663e-07	3.2960119263082906e-05	1.0412212473825884e-07	1.0412269757266959e-07	1.5029457003467761e-05	1.0444708320807573e-07	2.7139327730673294e-07	3.1712245625801395e-07	8.763354217398872e-07	2.082663646770583e-07	2.1355301454320078e-07	5.013568311272992e-07	0.9999475089503402	8.575813055874534e-07
SRR25637288	0.0	0.0	1.0	0.0	0.0	0.0	0.0	0.0	0.0	0.0	0.0	0.0	0.0	0.0	0.0
n19	4.2638489036193934e-07	2.1729572259582956e-07	5.067835280062458e-07	7.105951775441857e-08	7.105990869250998e-08	3.600634841310624e-07	7.128128994884601e-08	1.852159226946754e-07	2.1642440420244153e-07	5.980661063319471e-07	1.421341283196386e-07	1.4574207226851035e-07	3.42157583909962e-07	3.001956087514562e-06	0.9999936443753533
SRR14719202	0.0	0.0	0.0	0.0	0.0	0.0	0.0	0.0	0.0	1.0	0.0	0.0	0.0	0.0	0.0
ERR5413903	0.0	0.0	0.0	0.0	0.0	0.0	0.0	0.0	0.0	0.0	0.0	0.0	0.0	1.0	0.0
SRR25637291	0.0	0.0	1.0	0.0	0.0	0.0	0.0	0.0	0.0	0.0	0.0	0.0	0.0	0.0	0.0
n21	1.0688259613064455e-10	5.44698723262771e-11	1.2674767804523987e-10	1.781260493031019e-11	1.781270292740258e-11	9.02576992209392e-11	1.7868196927123512e-11	4.6428376690857404e-11	5.425145752690294e-11	1.499213889661813e-10	3.5628993200053196e-11	3.653340237991131e-11	8.576919825546445e-11	0.9999999990129247	1.4669110414503498e-10
ERR5414330	0.0	0.0	0.0	0.0	0.0	0.0	0.0	0.0	0.0	0.0	0.0	0.0	0.0	1.0	0.0
ERR5412295	0.0	0.0	0.0	0.0	0.0	0.0	0.0	0.0	0.0	0.0	0.0	0.0	0.0	1.0	0.0
ERR5413668	0.0	0.0	0.0	0.0	0.0	0.0	0.0	0.0	0.0	0.0	0.0	0.0	0.0	1.0	0.0
DRR317514	0.0	0.0	0.0	0.0	0.0	0.0	0.0	0.0	0.0	0.0	0.0	0.0	1.0	0.0	0.0
n25	1.7847874207003737e-05	9.643244801048704e-06	8.724067968551227e-05	2.9744509560649535e-06	2.974467320195024e-06	1.838216919722294e-05	2.9837340266315087e-06	7.752876683869056e-06	9.05921959984558e-06	0.0004409131335450761	5.949533675834111e-06	6.1005571090265086e-06	1.432223945193821e-05	0.9993447587068383	2.9097112902425645e-05
n2525	2.8399753794660156e-06	1.9948811965994293e-06	8.783452307710746e-06	4.732974691726109e-07	4.7330007306061514e-07	8.822720168136029e-06	4.7477460022668525e-07	1.2336451225654584e-06	1.4415116512735788e-06	3.8082250662226326e-05	9.466954651713473e-07	9.707264577536594e-07	2.278974016229331e-06	0.9999226841748696	8.499620560787975e-06
n3030	0.0009197757080009318	0.013274547203325977	0.001089510622251843	0.0001532859622505732	0.00015328680556225762	0.0007767995237266268	0.0001537643579011151	0.0003995383283137816	0.000466859670612036	0.0012910340443294456	0.0003066044819417216	0.00031438735434821083	0.0007380848668513579	0.9786740002264397	0.0012885208441445037
n34	1.1063388976232357e-05	1.2709865991732517e-05	1.3434005740160489e-05	1.8437770974089217e-06	1.843787241070673e-06	9.544565185858401e-06	1.849531407427466e-06	4.805786573837144e-06	5.615551194261885e-06	1.7598820863828594e-05	3.6879458070663817e-06	3.7815609150210874e-06	8.877949251652751e-06	0.9993180491582748	0.0005852943054796716
ERR4326550	0.0	0.0	0.0	0.0	0.0	1.0	0.0	0.0	0.0	0.0	0.0	0.0	0.0	0.0	0.0
n3636	1.3308006804613568e-13	6.781716723363872e-14	1.5760926449862868e-13	2.217740478970141e-14	2.2177526800239555e-14	0.9999999999985942	2.2246619047231904e-14	5.780518389917309e-14	6.754523208230794e-14	1.8665415434411598e-13	4.435951998782219e-14	4.548554555080616e-14	1.0678607856888982e-13	2.894001413654387e-13	1.8263627312213723e-13
ERR7253773	0.0	0.0	0.0	0.0	0.0	1.0	0.0	0.0	0.0	0.0	0.0	0.0	0.0	0.0	0.0
ERR4326541	0.0	0.0	0.0	0.0	0.0	1.0	0.0	0.0	0.0	0.0	0.0	0.0	0.0	0.0	0.0
ERR340561	0.0	0.0	0.0	0.0	0.0	0.0	0.0	0.0	0.0	0.0	0.0	0.0	0.0	1.0	0.0
ERR374191	0.0	0.0	0.0	0.0	0.0	0.0	0.0	0.0	0.0	0.0	0.0	0.0	0.0	1.0	0.0
ERR5413782	0.0	0.0	0.0	0.0	0.0	0.0	0.0	0.0	0.0	0.0	0.0	0.0	0.0	1.0	0.0
n42	1.0633787543994526e-10	5.419227098544e-11	1.259445700455424e-10	1.7721824416237027e-11	1.7721921913889577e-11	8.979770798054929e-11	1.777713309288097e-11	4.6191758188243435e-11	5.397496931965589e-11	1.4915415683711254e-10	3.544741289042807e-11	3.6347212821330167e-11	8.533208240561612e-11	0.9999999990181155	1.4594349495476118e-10
n5252	7.33877735465881e-14	2.520169579204475e-14	6.113222329774391e-14	8.237484829450476e-15	8.251083179531674e-15	4.463504864597443e-14	8.290530421043471e-15	2.184858826874155e-14	0.9999999999993361	7.644581092902348e-14	1.6458074052438954e-14	7.638905805105281e-14	4.4161583379693114e-14	1.307378502408176e-13	6.868259139611491e-14
ERR459847	0.0	0.0	0.0	0.0	0.0	0.0	0.0	0.0	1.0	0.0	0.0	0.0	0.0	0.0	0.0
n5656	5.667163394886618e-16	2.7584707662588085e-16	6.437989830340263e-16	9.020268400411777e-17	9.021757356129003e-17	4.601354288112763e-16	9.051323257697498e-17	2.3551347540749085e-16	3.072675332116807e-16	7.667397774052818e-16	1.804047255637801e-16	0.9999999999999939	4.391097780314927e-16	1.1809208102400193e-15	7.437381437610679e-16
ERR3198393	0.0	0.0	0.0	0.0	0.0	0.0	0.0	0.0	0.0	0.0	0.0	1.0	0.0	0.0	0.0
ERR2759450	0.0	0.0	0.0	0.0	0.0	0.0	0.0	0.0	1.0	0.0	0.0	0.0	0.0	0.0	0.0
ERR1869533	0.0	0.0	0.0	0.0	0.0	1.0	0.0	0.0	0.0	0.0	0.0	0.0	0.0	0.0	0.0
ERR340507	0.0	0.0	0.0	0.0	0.0	0.0	0.0	0.0	0.0	0.0	0.0	0.0	0.0	1.0	0.0
ERR374137	0.0	0.0	0.0	0.0	0.0	0.0	0.0	0.0	0.0	0.0	0.0	0.0	0.0	1.0	0.0
ERR340509	0.0	0.0	0.0	0.0	0.0	0.0	0.0	0.0	0.0	0.0	0.0	0.0	0.0	1.0	0.0
ERR374139	0.0	0.0	0.0	0.0	0.0	0.0	0.0	0.0	0.0	0.0	0.0	0.0	0.0	1.0	0.0
n70	2.80238348996711e-07	1.4282074669177018e-07	3.3285528716753807e-07	4.6703389441639564e-08	4.6708575339522395e-08	2.3663100598408633e-07	4.6859558444910655e-08	1.218722003771874e-07	1.4224673821490522e-07	0.9999971956079645	9.340984411348483e-08	9.580174741710033e-08	2.2653590655806532e-07	6.067846611762284e-07	3.8492402556763815e-07
SRR14719240	0.0	0.0	0.0	0.0	0.0	0.0	0.0	0.0	0.0	1.0	0.0	0.0	0.0	0.0	0.0
SRR12051625	0.0	0.0	0.0	0.0	0.0	0.0	0.0	0.0	0.0	0.0	0.0	0.0	0.0	0.0	1.0
SRR12051564	0.0	0.0	0.0	0.0	0.0	0.0	0.0	0.0	0.0	0.0	0.0	0.0	0.0	0.0	1.0
SRR12051668	0.0	0.0	0.0	0.0	0.0	0.0	0.0	0.0	0.0	0.0	0.0	0.0	0.0	0.0	1.0
n74	9.778828418681003e-12	4.983617605379321e-12	1.158191061995779e-11	1.6296984308017048e-12	1.6297076666536097e-12	8.257793474877964e-12	1.634785173471671e-12	4.247927265519865e-12	4.963536704659338e-12	1.3716408018208386e-11	3.2597426740670388e-12	3.342489612688214e-12	7.847455388462432e-12	2.0850271927570518e-11	0.9999999999022758
SRR26727934	0.0	1.0	0.0	0.0	0.0	0.0	0.0	0.0	0.0	0.0	0.0	0.0	0.0	0.0	0.0
n7676	0.011350915005243878	0.04715094065462987	0.03499377264531313	0.001845842335200282	0.0019598337529175124	0.008929985617317027	0.0020873836356271676	0.061699185757835825	0.005697140806859735	0.09844220575208087	0.003552693185837841	0.0042226250876164235	0.14396118874959762	0.4194980320298961	0.1546082549840268
n95	0.011351312235260022	0.04707466198643311	0.034991451094818056	0.0018458437401926825	0.0019598230097471474	0.008930037822685836	0.0020873599154156864	0.06177110363575738	0.005697137060555179	0.09847045650575317	0.0035527398149869244	0.004222752614898014	0.14414895814764597	0.4192382716414432	0.15465809077440765
n102102	0.0055968507789313	0.0001760969934283627	0.0003187338374173099	4.110526940288974e-05	4.124413825650891e-05	0.00020776868597556985	4.152035128971426e-05	0.985971323742331	0.0001252850030819559	0.0004468274380278303	0.0004558528399971718	0.0022384241091069003	0.0003623498015111275	0.0010106240377062052	0.002965992973536028
n13	1.69945540125107e-05	8.660822526324605e-06	0.0008963534467468272	2.8322410801506322e-06	2.8322566618908925e-06	0.0004093756881864031	2.8410803227938606e-06	7.382208063492762e-06	8.626094120814309e-06	2.3837305633826267e-05	5.665083719108279e-06	5.808886652056654e-06	1.3637480180948723e-05	0.9985718285538799	2.3324298212995577e-05
n1313	2.188736069430657e-11	1.1154308317134016e-11	1.1520901366477806e-09	3.647654727932779e-12	3.6476747957343995e-12	5.253558627636541e-10	3.659038824269488e-12	9.507575585741292e-12	1.1109581463219703e-11	3.070019023766019e-11	7.296084205862452e-12	7.48128858415979e-12	1.7563765818636316e-11	0.9999999981648546	3.0044892146674e-11
SRR12051829	0.0	0.0	0.0	0.0	0.0	0.0	0.0	0.0	0.0	0.0	0.0	0.0	0.0	0.0	1.0
SRR7800431	0.0	0.0	0.0	0.0	0.0	0.0	0.0	0.0	0.0	0.0	0.0	0.0	0.0	0.0	1.0
ERR5414068	0.0	0.0	0.0	0.0	0.0	0.0	0.0	0.0	0.0	0.0	0.0	0.0	0.0	1.0	0.0
SRR6388698	0.0	0.0	0.0	0.0	0.0	0.0	0.0	0.0	0.0	0.0	0.0	0.0	0.0	1.0	0.0
SRR14719181	0.0	0.0	0.0	0.0	0.0	0.0	0.0	0.0	0.0	1.0	0.0	0.0	0.0	0.0	0.0
SRR25637287	0.0	0.0	1.0	0.0	0.0	0.0	0.0	0.0	0.0	0.0	0.0	0.0	0.0	0.0	0.0
n26	1.1598277457338749e-07	5.912514845451208e-08	1.3754212230759673e-07	1.9329202837197365e-08	1.9329309177936697e-08	9.814903352512786e-08	1.9389528038735186e-08	5.0381373974651566e-08	5.887052628482585e-08	1.637792187914769e-07	3.8662511134304737e-08	3.964392337318245e-08	9.307174557297962e-08	0.9999989274149295	1.5932865262434123e-07
ERR7253750	0.0	0.0	0.0	0.0	0.0	1.0	0.0	0.0	0.0	0.0	0.0	0.0	0.0	0.0	0.0
n31	0.0004203801509281677	0.002576105500426883	0.0004979171707074101	7.005879312411837e-05	7.005917855666358e-05	0.000355009151388649	7.027744212119665e-05	0.00018260754394931113	0.00021337651929232747	0.0005898126102153166	0.00014013246650837667	0.0001436896001155966	0.0003373390107770902	0.9937514563514219	0.0005817785104669619
n3131	1.595968827388942e-07	0.9999960970486869	1.8902385547400082e-07	2.659774724827728e-08	2.6597893577337935e-08	1.3477281952924063e-07	2.668075711043731e-08	6.932676232356703e-08	8.100817150532244e-08	2.238596070985291e-07	5.320114377169337e-08	5.455160581070464e-08	1.2807040103784822e-07	2.51056664797973e-06	2.190970181288644e-07
SRR12051591	0.0	0.0	0.0	0.0	0.0	0.0	0.0	0.0	0.0	0.0	0.0	0.0	0.0	0.0	1.0
ERR5412643	0.0	0.0	0.0	0.0	0.0	0.0	0.0	0.0	0.0	0.0	0.0	0.0	0.0	1.0	0.0
n37	3.699807606892321e-12	1.885508522645486e-12	4.3819820775850516e-12	6.165944029660451e-13	6.165977951961821e-13	0.9999999999610734	6.185187545256424e-13	1.6071471476682989e-12	1.877947958465936e-12	5.1895118767353115e-12	1.2333197685808673e-12	1.2646264550795495e-12	2.968954164592448e-12	7.888411384459857e-12	5.077803505149518e-12
n3737	3.144096915455224e-15	1.6023053512724313e-15	3.7238088546230115e-15	5.239819918983643e-16	5.239848746159102e-16	0.9999999999999667	5.256173060667384e-16	1.3657538240018437e-15	1.595880382995685e-15	4.410047767335993e-15	1.048075275870157e-15	1.0746797015224203e-15	2.523017577737851e-15	6.703574125918251e-15	4.3151179807956855e-15
ERR5413334	0.0	0.0	0.0	0.0	0.0	0.0	0.0	0.0	0.0	0.0	0.0	0.0	0.0	1.0	0.0
n4242	2.3746398677868092e-14	1.2101720737032592e-14	2.8124785828707542e-14	3.957475229145596e-15	3.957497001426813e-15	2.0052800243191227e-14	3.969826255351185e-15	1.0315119624657255e-14	1.205319492279392e-14	3.330773780074937e-14	7.91579101317788e-15	8.116726077993744e-15	1.9055577712542428e-14	0.9999999999997807	3.2590762247324016e-14
n53	1.1358840696061798e-15	5.787716080493888e-16	1.3451050428261914e-15	1.892684485103868e-16	1.892696025621113e-16	9.590603889486101e-16	1.8985937067297106e-16	4.933294617741766e-16	0.9999999999999875	1.5930202531220387e-15	3.785769418700931e-16	3.8868200257571144e-16	9.113810011497151e-16	2.4215922774059827e-15	1.5586783173156578e-15
ERR2524316	0.0	0.0	0.0	0.0	0.0	0.0	0.0	0.0	1.0	0.0	0.0	0.0	0.0	0.0	0.0
ERR3198385	0.0	0.0	0.0	0.0	0.0	0.0	0.0	0.0	0.0	0.0	0.0	1.0	0.0	0.0	0.0
n57	5.148259685042658e-16	2.6236729445007304e-16	6.097499942174574e-16	8.579871334040936e-17	8.579918544770004e-17	4.347480219698643e-16	8.606648578100332e-17	2.23633490899618e-16	2.6131542909164127e-16	7.2211727166950665e-16	1.7161564993793995e-16	0.9999999999999943	4.131280831712325e-16	1.0976548436369348e-15	7.0657308652475e-16
SRR14719231	0.0	0.0	0.0	0.0	0.0	0.0	0.0	0.0	0.0	1.0	0.0	0.0	0.0	0.0	0.0
SRR14719250	0.0	0.0	0.0	0.0	0.0	0.0	0.0	0.0	0.0	1.0	0.0	0.0	0.0	0.0	0.0
n7474	9.775641704453038e-12	4.981898348526306e-12	1.1578086578075713e-11	1.6291674521171546e-12	1.6291764218756127e-12	8.255103945945828e-12	1.6342519932411684e-12	4.246412067771551e-12	4.9619193407442984e-12	1.3711747705760379e-11	3.2586809257953553e-12	3.3413995745851225e-12	7.844587029423726e-12	2.084256573901238e-11	0.9999999999023093
SRR12051662	0.0	0.0	0.0	0.0	0.0	0.0	0.0	0.0	0.0	0.0	0.0	0.0	0.0	0.0	1.0
n7777	0.0038389288476139254	0.0027086531846188928	0.004938640828006842	0.0006389459372334271	0.0006410222015083627	0.0032298904741345064	0.0006452277153227471	0.002699914679485369	0.00194739285529229	0.006885292290486555	0.0012754928951434394	0.0013184128614639992	0.005532886466012658	0.955902303491003	0.007796995272673986
n7878	1.3940943507422256e-10	0.9999999984234038	1.6675436966839394e-10	2.3229901315743397e-11	2.3238705825720785e-11	1.1767531160298025e-10	2.332034890442463e-11	6.487904874689301e-11	7.075652961572655e-11	2.0182359540512488e-10	4.645412615522809e-11	4.767745425741407e-11	1.2213625786628558e-10	3.273249581261592e-10	2.019160764414398e-10
DRR317575	0.0	0.0	0.0	0.0	0.0	0.0	0.0	0.0	0.0	0.0	0.0	0.0	1.0	0.0	0.0
n9595	0.03844649160530426	0.027369939377223297	0.04959359270234063	0.006398682598127372	0.006420183274679271	0.0323429005460482	0.006463055748784909	0.027406200798539858	0.019502507062606898	0.222124697050955	0.012772480364478159	0.013205905855358012	0.05628589637512661	0.17281253166571	0.30885493497471733
SRR3321820	0.0	0.0	0.0	0.0	0.0	0.0	0.0	0.0	0.0	0.0	0.0	0.0	0.0	0.0	1.0
n103	0.0055828880647354395	0.0001645194041018958	0.0002978036039833938	3.8407350129363735e-05	3.853705057424724e-05	0.00019413211486409305	3.879507700465072e-05	0.986372872510969	0.00011706196279162202	0.0004174610235738776	0.0004506249786934732	0.0022337572291358933	0.0003385033458414142	0.0009443347246318623	0.002770301558969737
SRR32604960	0.0	0.0	1.0	0.0	0.0	0.0	0.0	0.0	0.0	0.0	0.0	0.0	0.0	0.0	0.0
ERR1869535	0.0	0.0	0.0	0.0	0.0	1.0	0.0	0.0	0.0	0.0	0.0	0.0	0.0	0.0	0.0
n14	2.169936165609765e-14	1.1058502629732149e-14	6.677216966332039e-14	3.616324585532479e-15	3.6163444809540885e-15	3.6810065462635206e-14	3.627610902475025e-15	9.425913882339826e-15	1.1014159940282653e-14	3.043647485373308e-14	7.233417266662009e-15	7.417030902357607e-15	1.741290852982538e-14	0.9999999999996935	7.636050032321276e-14
ERR5412119	0.0	0.0	0.0	0.0	0.0	0.0	0.0	0.0	0.0	0.0	0.0	0.0	0.0	1.0	0.0
n2626	6.118811298494575e-10	3.1192138571356e-10	7.256153885795735e-10	1.0197354318095042e-10	1.0197410419435844e-10	5.177915247043393e-10	1.0229179606472058e-10	2.657930209430521e-10	3.105785688501449e-10	8.640075781835786e-10	2.0396874521130798e-10	2.0914630396333877e-10	4.910112303098393e-10	0.9999999943414922	8.405535663093997e-10
n2929	4.8013852443889226e-11	2.4468983582584977e-11	5.6866701787805486e-11	8.00178731467476e-12	8.001831336975234e-12	4.054561159407855e-11	8.026760379341658e-12	2.0856578647430987e-11	2.4370866941683216e-11	6.734634492114792e-11	1.600527418298919e-11	1.6411553328055136e-11	3.8529282227990565e-11	0.999999999556658	6.58966489116784e-11
SRR6388726	0.0	0.0	0.0	0.0	0.0	0.0	0.0	0.0	0.0	0.0	0.0	0.0	0.0	1.0	0.0
ERR5412189	0.0	0.0	0.0	0.0	0.0	0.0	0.0	0.0	0.0	0.0	0.0	0.0	0.0	1.0	0.0
n32	1.3480885917508722e-12	0.9999999999670556	1.5966533820178017e-12	2.246667918341427e-13	2.2466802785162578e-13	1.1384038148637137e-12	2.2536796247269356e-13	5.855917470789837e-13	6.842626871578232e-13	1.8909052222835027e-12	4.49381302165261e-13	4.607884326626797e-13	1.081789591483059e-12	2.11832884330019e-11	1.8506758212008188e-12
SRR32320445	0.0	1.0	0.0	0.0	0.0	0.0	0.0	0.0	0.0	0.0	0.0	0.0	0.0	0.0	0.0
ERR4326548	0.0	0.0	0.0	0.0	0.0	1.0	0.0	0.0	0.0	0.0	0.0	0.0	0.0	0.0	0.0
ERR4326540	0.0	0.0	0.0	0.0	0.0	1.0	0.0	0.0	0.0	0.0	0.0	0.0	0.0	0.0	0.0
n38	3.142297756829764e-15	1.6013885070763326e-15	3.721678079403384e-15	5.2368216774328e-16	5.236850488113258e-16	0.9999999999999667	5.253165461797039e-16	1.3649723353386595e-15	1.5949672151867806e-15	4.407524324008654e-15	1.0474755638783203e-15	1.074064766393967e-15	2.5215738990889897e-15	6.699659781037034e-15	4.3126488566219625e-15
ERR4326546	0.0	0.0	0.0	0.0	0.0	1.0	0.0	0.0	0.0	0.0	0.0	0.0	0.0	0.0	0.0
ERR5412199	0.0	0.0	0.0	0.0	0.0	0.0	0.0	0.0	0.0	0.0	0.0	0.0	0.0	1.0	0.0
ERR5412390	0.0	0.0	0.0	0.0	0.0	0.0	0.0	0.0	0.0	0.0	0.0	0.0	0.0	1.0	0.0
ERR459846	0.0	0.0	0.0	0.0	0.0	0.0	0.0	0.0	1.0	0.0	0.0	0.0	0.0	0.0	0.0
n5353	1.1352732945447787e-15	5.785618500569471e-16	1.3445962336468329e-15	1.8919988651854755e-16	1.8920092741371807e-16	9.586888891270968e-16	1.897903672237131e-16	4.931476129378691e-16	0.9999999999999875	1.5923839946312798e-15	3.7843995847727323e-16	3.880463124196602e-16	9.110134449961468e-16	2.4205041704227133e-15	1.558106661935948e-15
ERR3198389	0.0	0.0	0.0	0.0	0.0	0.0	0.0	0.0	0.0	0.0	0.0	1.0	0.0	0.0	0.0
ERR3198391	0.0	0.0	0.0	0.0	0.0	0.0	0.0	0.0	0.0	0.0	0.0	1.0	0.0	0.0	0.0
SRR12051664	0.0	0.0	0.0	0.0	0.0	0.0	0.0	0.0	0.0	0.0	0.0	0.0	0.0	0.0	1.0
n75	8.519691857296938e-15	4.341834496234358e-15	1.0090562057827636e-14	1.4198561197599755e-15	1.4198639313343545e-15	7.194508996957043e-15	1.4242873999020256e-15	3.700840859106748e-15	4.3244244330705395e-15	1.1950092686282109e-14	2.840013812161708e-15	2.912104948048432e-15	6.836727403448404e-15	1.8164745341269895e-14	0.9999999999999148
n78	1.2248083283187697e-10	7.250066517407163e-11	1.5031602778960037e-10	2.0400966818460653e-11	2.0428857971059963e-11	1.0327001010059506e-10	2.0522100124292176e-11	6.70393649862304e-11	6.215312579223093e-11	1.9190853997664693e-10	4.0772296911853094e-11	4.194855776267618e-11	1.3115173615902674e-10	0.9999999987531244	2.0198249386885213e-10
ERR5413521	0.0	0.0	0.0	0.0	0.0	0.0	0.0	0.0	0.0	0.0	0.0	0.0	0.0	1.0	0.0
SRR16943878	0.0	1.0	0.0	0.0	0.0	0.0	0.0	0.0	0.0	0.0	0.0	0.0	0.0	0.0	0.0
n79	9.913717850212078e-12	0.9999999998901508	1.1799410911016304e-11	1.6520556801698221e-12	1.652370434209574e-12	8.369945771149818e-12	1.6578439359322871e-12	4.458624010762796e-12	5.031831438952645e-12	1.412671193129724e-11	3.304088464809146e-12	3.3895144314859728e-12	8.317015708801444e-12	2.219700605085579e-11	1.3978927182373454e-11
SRR14719156	0.0	0.0	0.0	0.0	0.0	0.0	0.0	0.0	0.0	1.0	0.0	0.0	0.0	0.0	0.0
n96	0.038448192880545455	0.02736869654336718	0.04959450663330011	0.006398968471882603	0.0064204633263610115	0.032344370701724814	0.006463330467995045	0.02740403536087686	0.01950337389470933	0.22208145073041652	0.012773059292752341	0.013206469850784646	0.05628036124926688	0.1727994717188681	0.30891324887714916
n103103	0.005561840714565422	0.0001640211783882266	0.0002969682911277387	3.8303154871649294e-05	3.843236067879004e-05	0.00019360598394759976	3.8689534543132924e-05	0.9864220890021541	0.00011674429120150935	0.00041622462006077646	0.0004489903278798129	0.0022253212056024623	0.0003374156970318128	0.0009412733935910001	0.0027600802443558878
n104104	0.0056053362346148005	0.00016485130367608036	0.0002986490279701255	3.8529374922591925e-05	3.865896257940704e-05	0.0001947508440050997	3.891724792841325e-05	0.98633574671804	0.00011743353605520038	0.00041840548773610227	0.0004523899902838926	0.0022427093214258584	0.00033895634743821314	0.0009455093614579059	0.002769156241866354
n1414	2.4869203088033643e-11	1.2673928152978606e-11	2.9456322333770716e-11	4.144597104104266e-12	4.1446199058474126e-12	2.1001728533061644e-11	4.157532125672412e-12	1.0802850921210577e-11	1.2623107885630698e-11	3.488263239571222e-11	8.29007450717378e-12	8.500510413788066e-12	1.9956585355933644e-11	0.9999999984868099	1.317686319444908e-09
n17	2.0031381158706513e-14	1.0208460830517307e-14	2.3726224889588407e-14	3.3383459875129754e-15	3.338364353618493e-15	1.6916275771588758e-14	3.348764751090176e-15	8.701365445343642e-15	1.0167526662171434e-14	2.809689168020833e-14	6.6774010288723515e-15	6.846900704432803e-15	1.6074418085528168e-14	0.999999999999815	2.749371183765409e-14
n27	8.652688633534919e-08	4.409621892871452e-08	1.0248171771615558e-07	1.4420208048464093e-08	1.4420287382081278e-08	7.306926706571831e-08	1.4465212592316939e-08	3.758612812959191e-08	4.391930924932265e-08	1.213721140664815e-07	2.884347890228776e-08	2.9575644050798857e-08	6.943452054463181e-08	0.9999992010343468	1.1875466009008058e-07
n29	4.1418315083339825e-14	2.111097381935516e-14	4.908704777521174e-14	6.902602709417887e-15	6.902640684490085e-15	3.501387029813946e-14	6.924145289475899e-15	1.7991564961610535e-14	2.102310465988222e-14	5.829633050596009e-14	1.3806671509234798e-14	1.4157141150232731e-14	3.323661549056449e-14	0.9999999999996173	5.687174894154192e-14
SRR6388697	0.0	0.0	0.0	0.0	0.0	0.0	0.0	0.0	0.0	0.0	0.0	0.0	0.0	1.0	0.0
ERR5412491	0.0	0.0	0.0	0.0	0.0	0.0	0.0	0.0	0.0	0.0	0.0	0.0	0.0	1.0	0.0
n3232	1.3468848939027885e-12	0.9999999999852017	1.5952250409651806e-12	2.2446618860568135e-13	2.2446742351953404e-13	1.13738569276574e-12	2.251667331744306e-13	5.850688767692845e-13	6.836517143342969e-13	1.8891998503954723e-12	4.4898005310086404e-13	4.603769982603136e-13	1.0808236699283969e-12	3.0482533419600027e-12	1.8485378904468714e-12
SRR32320446	0.0	1.0	0.0	0.0	0.0	0.0	0.0	0.0	0.0	0.0	0.0	0.0	0.0	0.0	0.0
n3838	3.142297731315242e-15	1.6013884940742162e-15	3.72167804918605e-15	5.236821634913596e-16	5.23685044559382e-16	0.9999999999999667	5.253165419145135e-16	1.3649723242560712e-15	1.5949672022368004e-15	4.407524288222744e-15	1.0474755553735762e-15	1.0740647576733379e-15	2.5215738786156333e-15	6.699659725552741e-15	4.312648821606373e-15
ERR4326551	0.0	0.0	0.0	0.0	0.0	1.0	0.0	0.0	0.0	0.0	0.0	0.0	0.0	0.0	0.0
ERR2759456	0.0	0.0	0.0	0.0	0.0	0.0	0.0	0.0	1.0	0.0	0.0	0.0	0.0	0.0	0.0
ERR459797	0.0	0.0	0.0	0.0	0.0	0.0	0.0	0.0	1.0	0.0	0.0	0.0	0.0	0.0	0.0
SRR12051700	0.0	0.0	0.0	0.0	0.0	0.0	0.0	0.0	0.0	0.0	0.0	0.0	0.0	0.0	1.0
SRR12051699	0.0	0.0	0.0	0.0	0.0	0.0	0.0	0.0	0.0	0.0	0.0	0.0	0.0	0.0	1.0
SRR6045527	0.0	0.0	0.0	0.0	0.0	0.0	0.0	0.0	0.0	0.0	0.0	0.0	0.0	1.0	0.0
SRR6045329	0.0	0.0	0.0	0.0	0.0	0.0	0.0	0.0	0.0	0.0	0.0	0.0	0.0	1.0	0.0
n7979	1.227276023764399e-15	0.9999999999999865	1.4540453664375736e-15	2.045316484863055e-16	2.0453532753364846e-16	1.0363665073742703e-15	2.0517526141021896e-16	5.343843003413351e-16	6.229392127778429e-16	1.7232799704760277e-15	4.0910361587597183e-16	4.195013239771052e-16	9.878635561143796e-16	2.625519031878542e-15	1.6874909035545968e-15
n8282	1.5009762458765134e-10	0.9999999983705259	1.7777278998927185e-10	2.5014640718355357e-11	2.5014778337879914e-11	1.2675091173913565e-10	2.5092709806671704e-11	6.520041098696576e-11	7.61865389027674e-11	2.105334957347103e-10	5.003459446514327e-11	5.130467656632934e-11	1.2044760930622285e-10	3.200215563641848e-10	2.0600159476220934e-10
n9696	4.146511744353414e-07	2.1278010484188795e-07	4.918690895504867e-07	6.910239770877556e-08	6.910681928800043e-08	3.5013162149415254e-07	6.932642187561782e-08	1.8213453974938874e-07	2.1046631677332375e-07	6.132753228994053e-07	1.382145314783724e-07	1.4174354115816483e-07	3.375303182387691e-07	9.011779840678967e-07	0.9999957984898163
n98	0.0372670540294444	0.02201619723268843	0.04571649441996214	0.006207407926088709	0.00621578909550883	0.03142238582062826	0.0062440474111591735	0.0203512525531893	0.018911279558561242	0.11767750775891155	0.012405929141137681	0.012763308557961909	0.03979562048287063	0.14022557057418417	0.4827801554377036
n104	1.8810542384213268e-11	2.328865690252999e-12	5.1834671359989534e-12	7.199048966411569e-13	7.2025942805532e-13	3.646506726710876e-12	7.228768610416428e-13	0.9999999999227067	2.192830045888347e-12	6.314070953818957e-12	2.4519711931188642e-12	7.310784587649451e-12	3.882165245510905e-12	1.0436366727337508e-11	1.2572417559044027e-11
DRR444232	0.0	0.0	0.0	0.0	0.0	0.0	0.0	1.0	0.0	0.0	0.0	0.0	0.0	0.0	0.0
n105	1.7195726847250584e-05	8.352237235483393e-06	1.939796525710974e-05	2.7289793250316616e-06	2.7290140979968822e-06	1.382785333753762e-05	2.7375371683153794e-06	0.00015773908233495645	8.31160512693318e-06	2.29825872061742e-05	5.51586072166572e-06	0.9988190235421031	1.3163699836320155e-05	0.000883446038998465	2.2848270403630008e-05
n106	0.005628683836476133	0.00016522584159879135	0.00029958062144821616	3.866299019319349e-05	3.879248491923743e-05	0.00019542822943443476	3.9051086447394235e-05	0.9863067582089354	0.00011784042325601416	0.00041946190277353007	0.00045423627506422764	0.002241416891390557	0.00033948863246361825	0.0009468910842275955	0.002768481491371798
n15	7.102366031067201e-07	3.619532016176587e-07	8.411908122284509e-07	1.1836505408098377e-07	1.1836570527324513e-07	5.997639027056915e-07	1.187344638182859e-07	3.08517330249461e-07	3.605018316673456e-07	9.96208935703689e-07	2.367552485150624e-07	2.4276506245869394e-07	5.699377395664512e-07	0.9999567188591151	3.7697844993799136e-05
ERR5413553	0.0	0.0	0.0	0.0	0.0	0.0	0.0	0.0	0.0	0.0	0.0	0.0	0.0	1.0	0.0
n1717	2.0029922370849714e-14	1.0207717398075088e-14	2.372306157665009e-14	3.3381028720471207e-15	3.338121236815124e-15	1.6914397765691434e-14	3.3485208768765554e-15	8.700731767312145e-15	1.0166786210765165e-14	2.8094845520505365e-14	6.676914746303707e-15	6.8464020780289945e-15	1.607324746401206e-14	0.999999999999815	2.7490081677322362e-14
n18	2.0029922370849714e-14	1.0207717398075088e-14	2.372306157665009e-14	3.3381028720471207e-15	3.338121236815124e-15	1.6914397765691434e-14	3.3485208768765554e-15	8.700731767312145e-15	1.0166786210765165e-14	2.8094845520505365e-14	6.676914746303707e-15	6.8464020780289945e-15	1.607324746401206e-14	0.999999999999815	2.7490081677322362e-14
n2727	7.59745208877665e-11	3.8718394626423077e-11	8.998278676473733e-11	1.2661595071728605e-11	1.2661664730233738e-11	6.415717649911796e-11	1.270111109734609e-11	3.300232098535425e-11	3.856314053694791e-11	1.0656518728490241e-10	2.5325879425131657e-11	2.5968753550451018e-11	6.096665042326969e-11	0.9999999992984795	1.0427128681437105e-10
ERR5413090	0.0	0.0	0.0	0.0	0.0	0.0	0.0	0.0	0.0	0.0	0.0	0.0	0.0	1.0	0.0
ERR340562	0.0	0.0	0.0	0.0	0.0	0.0	0.0	0.0	0.0	0.0	0.0	0.0	0.0	1.0	0.0
ERR374192	0.0	0.0	0.0	0.0	0.0	0.0	0.0	0.0	0.0	0.0	0.0	0.0	0.0	1.0	0.0
n3333	1.3338785783162678e-12	0.9999999999855194	1.579820580248232e-12	2.222986105887126e-13	2.2229983357750815e-13	1.1264024092019323e-12	2.2299239028558262e-13	5.794191063358161e-13	6.770499698289932e-13	1.8709564573972475e-12	4.446444366803949e-13	4.559313262099001e-13	1.0703865985733442e-12	2.8439483963606316e-12	1.830682631252112e-12
SRR32320447	0.0	1.0	0.0	0.0	0.0	0.0	0.0	0.0	0.0	0.0	0.0	0.0	0.0	0.0	0.0
n39	3.1422542221177537e-15	1.6013663207685009e-15	3.72162651771479e-15	5.236749124309507e-16	5.236777934590809e-16	0.9999999999999667	5.253092682240104e-16	1.3649534244395991e-15	1.5949451178422192e-15	4.407463260318615e-15	1.0474610517126567e-15	1.0740498858503431e-15	2.521538964146908e-15	6.6995669600534065e-15	4.3125891073764296e-15
ERR4326552	0.0	0.0	0.0	0.0	0.0	1.0	0.0	0.0	0.0	0.0	0.0	0.0	0.0	0.0	0.0
n80	1.1444430244377587e-15	0.9999999999999873	1.3554566942603253e-15	1.907280755195441e-16	1.907291248425326e-16	9.664323280343903e-16	1.9132332564674686e-16	4.971308329157713e-16	5.808962882727942e-16	1.6052458762798605e-15	3.814966610368453e-16	3.911806025461558e-16	9.183718291715833e-16	2.4400549302275925e-15	1.570691692684376e-15
SRR16943877	0.0	1.0	0.0	0.0	0.0	0.0	0.0	0.0	0.0	0.0	0.0	0.0	0.0	0.0	0.0
n83	4.00435717859226e-11	0.9999999995652835	4.742684967165687e-11	6.673493761520835e-12	6.673530476136766e-12	3.381505368325868e-11	6.6943213072562e-12	1.7394394779159347e-11	2.0325312596088322e-11	5.6166865881223616e-11	1.334840495144431e-11	1.3687241917913308e-11	3.213343650272406e-11	8.537647546503947e-11	5.495782941077523e-11
SRR16943871	0.0	1.0	0.0	0.0	0.0	0.0	0.0	0.0	0.0	0.0	0.0	0.0	0.0	0.0	0.0
SRR12051726	0.0	0.0	0.0	0.0	0.0	0.0	0.0	0.0	0.0	0.0	0.0	0.0	0.0	0.0	1.0
n97	6.424433635088315e-10	3.2967029001463914e-10	7.620803543244778e-10	1.0706439690100269e-10	1.070712409006005e-10	5.424794772687666e-10	1.0741147700106425e-10	2.821884179553367e-10	3.260878018504259e-10	9.50131584629822e-10	2.141438865363085e-10	2.1961155473667566e-10	5.229476669471759e-10	1.3962198754648918e-09	0.9999999934904485
n9898	4.017575728208685e-07	2.165222367446098e-07	4.819800239159878e-07	6.69421350258149e-08	6.697501097347441e-08	3.3907977294118067e-07	6.721830216944034e-08	1.9073081218487923e-07	2.039056581106049e-07	8.182444767663888e-07	1.3385874416940376e-07	1.3742201123584432e-07	3.6091284946141223e-07	1.093248895319353e-06	0.9999954212014982
n102	6.754285791424431e-07	3.455393760342605e-07	8.006563820614734e-07	1.125626210566218e-07	1.1256689806387952e-07	5.703489979928125e-07	1.1292148813333281e-07	2.9522142490650424e-07	3.428319059400417e-07	9.760467736831575e-07	2.2514467806406366e-07	2.308783774906529e-07	5.463396177634563e-07	0.9999935373750579	1.1161378216645167e-06
DRR317398	0.0	0.0	0.0	0.0	0.0	0.0	0.0	1.0	0.0	0.0	0.0	0.0	0.0	0.0	0.0
DRR317389	0.0	0.0	0.0	0.0	0.0	0.0	0.0	1.0	0.0	0.0	0.0	0.0	0.0	0.0	0.0
n105105	5.730492478480906e-10	2.920271310670792e-10	6.786800050545876e-10	9.54979312606025e-11	9.549845723357986e-11	4.83894609497517e-10	9.579597538637744e-11	2.533779060875167e-10	2.908559409952267e-10	8.037502591021202e-10	1.9101784460840972e-10	2.979371567243603e-08	4.598313048784771e-10	0.9999999651065481	7.864595751556942e-10
ERR11194152	0.0	0.0	0.0	0.0	0.0	0.0	0.0	0.0	0.0	0.0	0.0	1.0	0.0	0.0	0.0
n106106	0.005627810399688194	0.0001657080472395828	0.00030073023846175824	3.8825951979743396e-05	3.895540325365678e-05	0.00019625413265280406	3.9214465087979435e-05	0.9862980438508121	0.0001183367230729362	0.00042080119054759176	0.00045628563075720977	0.002241009434041686	0.0003402207115666897	0.0009488207718138626	0.00276898304902405
ERR459824	1.0	0.0	0.0	0.0	0.0	0.0	0.0	0.0	0.0	0.0	0.0	0.0	0.0	0.0	0.0
SRR30795523	0.0	0.0	0.0	0.0	0.0	0.0	0.0	0.0	0.0	0.0	0.0	0.0	0.0	0.0	1.0
n1515	6.17114841591705e-05	3.144961717022754e-05	7.308991560202641e-05	1.0284577178881919e-05	1.0284633760084219e-05	5.211266269838116e-05	1.0316674684209082e-05	2.6806647609033996e-05	3.132350962619777e-05	8.65592278488422e-05	2.057133876855734e-05	2.109352325800734e-05	4.952110836462141e-05	0.9994274784815502	8.739659772163654e-05
ERR5412389	0.0	0.0	0.0	0.0	0.0	0.0	0.0	0.0	0.0	0.0	0.0	0.0	0.0	1.0	0.0
ERR5414287	0.0	0.0	0.0	0.0	0.0	0.0	0.0	0.0	0.0	0.0	0.0	0.0	0.0	1.0	0.0
ERR5413438	0.0	0.0	0.0	0.0	0.0	0.0	0.0	0.0	0.0	0.0	0.0	0.0	0.0	1.0	0.0
SRR6046027	0.0	0.0	0.0	0.0	0.0	0.0	0.0	0.0	0.0	0.0	0.0	0.0	0.0	1.0	0.0
ERR5412632	0.0	0.0	0.0	0.0	0.0	0.0	0.0	0.0	0.0	0.0	0.0	0.0	0.0	1.0	0.0
n28	2.268580176778836e-14	1.1561215720529394e-14	2.6868634893111698e-14	3.7807205956002635e-15	3.780741395455536e-15	1.915717231066982e-14	3.792519981938394e-15	9.854410439213737e-15	1.1514857238216964e-14	3.182009817144319e-14	7.562244203977064e-15	7.754204808640564e-15	1.8204489212791487e-14	0.9999999999997905	3.113514524315169e-14
SRR32320443	0.0	1.0	0.0	0.0	0.0	0.0	0.0	0.0	0.0	0.0	0.0	0.0	0.0	0.0	0.0
SRR32320444	0.0	1.0	0.0	0.0	0.0	0.0	0.0	0.0	0.0	0.0	0.0	0.0	0.0	0.0	0.0
ERR4326549	0.0	0.0	0.0	0.0	0.0	1.0	0.0	0.0	0.0	0.0	0.0	0.0	0.0	0.0	0.0
ERR4326547	0.0	0.0	0.0	0.0	0.0	1.0	0.0	0.0	0.0	0.0	0.0	0.0	0.0	0.0	0.0
SRR16943876	0.0	1.0	0.0	0.0	0.0	0.0	0.0	0.0	0.0	0.0	0.0	0.0	0.0	0.0	0.0
n8080	1.1444518955830772e-15	0.9999999999999873	1.3554671970431778e-15	1.9072955395600844e-16	1.907306032657943e-16	9.664398194532157e-16	1.9132480865318053e-16	4.971346757965278e-16	5.809007910999948e-16	1.6052583038889956e-15	3.814996182498759e-16	3.9118363471679333e-16	9.183789226831805e-16	2.4400737703053652e-15	1.5707038418687233e-15
SRR16943867	0.0	1.0	0.0	0.0	0.0	0.0	0.0	0.0	0.0	0.0	0.0	0.0	0.0	0.0	0.0
n8383	1.2245611043618063e-11	0.9999999998670607	1.4503470300004973e-11	2.040802187739048e-12	2.0408134153315326e-12	1.0340885599266805e-11	2.047171400391487e-12	5.319330501870348e-12	6.21562616147914e-12	1.717622985275949e-11	4.082037835235225e-12	4.1856566063268725e-12	9.826635021739341e-12	2.6108737662287814e-11	1.6806497840993833e-11
SRR7800511	0.0	0.0	0.0	0.0	0.0	0.0	0.0	0.0	0.0	0.0	0.0	0.0	0.0	0.0	1.0
n9797	2.5674267064601364e-08	1.308644045688451e-08	3.040928193364332e-08	4.278763207458104e-09	4.27879291050299e-09	2.168076573991867e-08	4.292129701917333e-09	1.1155633786225289e-08	1.3031738695762587e-08	3.606014345051003e-08	8.558427675165059e-09	8.775706835626038e-09	2.0609921080449348e-08	5.476591765130369e-08	0.9999997433420699
SRR7800601	0.0	0.0	0.0	0.0	0.0	0.0	0.0	0.0	0.0	0.0	0.0	0.0	0.0	0.0	1.0
n9999	9.04961925373618e-12	4.876886689796477e-12	1.0856483130789329e-11	1.5078769034599629e-12	1.508616628379072e-12	7.63780179251417e-12	1.514095918013978e-12	4.29582264870108e-12	4.5929905952359855e-12	1.842468452771489e-11	3.0151798227678313e-12	3.095438608407369e-12	8.128631133642875e-12	2.461962847193566e-11	0.9999999998968763
ERR5413059	0.0	0.0	0.0	0.0	0.0	0.0	0.0	0.0	0.0	0.0	0.0	0.0	0.0	1.0	0.0
ERR5412056	0.0	0.0	0.0	0.0	0.0	0.0	0.0	0.0	0.0	0.0	0.0	0.0	0.0	1.0	0.0
ERR5412198	0.0	0.0	0.0	0.0	0.0	0.0	0.0	0.0	0.0	0.0	0.0	0.0	0.0	1.0	0.0
ERR5414136	0.0	0.0	0.0	0.0	0.0	0.0	0.0	0.0	0.0	0.0	0.0	0.0	0.0	1.0	0.0
n107	0.009140834063951612	0.003173963733151376	0.007330042455579487	0.0010295026349894823	0.0010295792898390324	0.005216297464192205	0.0010328624979019203	0.9082258393571909	0.0031355803424104435	0.008716366261164765	0.020386307532462036	0.0032987525227682946	0.005041334534017876	0.01341915258762639	0.009823584722754271
DRR317383	0.0	0.0	0.0	0.0	0.0	0.0	0.0	1.0	0.0	0.0	0.0	0.0	0.0	0.0	0.0
n16	2.4832559005919812e-11	1.2655253470795181e-11	2.9411213595848013e-11	4.138490155038178e-12	4.138512923183588e-12	2.0970015371434625e-11	4.1514061172102234e-12	1.0786933219516717e-11	1.260450808570396e-11	3.483123380275761e-11	8.277859311945455e-12	8.487985147078464e-12	1.992717988002357e-11	0.9999999997706254	3.416149579180113e-11
n1616	4.916175185786348e-11	2.5053979764279766e-11	5.82262498316367e-11	8.19309141758996e-12	8.193136492361135e-12	4.151495993224992e-11	8.218661530084458e-12	2.13552108793462e-11	2.4953517623861954e-11	6.895642421331555e-11	1.6387923021189783e-11	1.6803915354612717e-11	3.945042765246986e-11	0.9999999995460225	6.750814154848902e-11
ERR5414240	0.0	0.0	0.0	0.0	0.0	0.0	0.0	0.0	0.0	0.0	0.0	0.0	0.0	1.0	0.0
n2828	2.0030015159517117e-14	1.0207764685352445e-14	2.3723171423618394e-14	3.3381183358173445e-15	3.338136700670423e-15	1.691447609909948e-14	3.3485363889082138e-15	8.700772073474655e-15	1.0166833308428691e-14	2.8094975669950203e-14	6.676945677128609e-15	6.846433794004402e-15	1.607332192337268e-14	0.999999999999815	2.7490208968293085e-14
n81	1.144432768830993e-15	0.9999999999999873	1.3554445436794373e-15	1.907263663717092e-16	1.9072741566395836e-16	9.664236677434817e-16	1.9132161112063522e-16	4.971263673898305e-16	5.808910827448778e-16	1.6052314758695188e-15	3.8149324240424794e-16	3.9117709702619274e-16	9.18363574195156e-16	2.440032990359122e-15	1.5706775913436056e-15
n8181	1.14444233216418e-15	0.9999999999999873	1.3554558703105342e-15	1.9072796015671675e-16	1.9072900945773423e-16	9.664317435621632e-16	1.9132320987974354e-16	4.971305215745208e-16	5.808959369006839e-16	1.6052448898190875e-15	3.8149643031277786e-16	3.911803658568448e-16	9.183712484046735e-16	2.440053380240563e-15	1.5706907165472388e-15
n84	1.2467619416137152e-15	0.9999999999999862	1.4766412820857055e-15	2.0778011721686135e-16	2.0778126033131728e-16	1.0528362008089684e-15	2.0842858562769206e-16	5.415767984933053e-16	6.32831315140409e-16	1.748762850996347e-15	4.156043662558494e-16	4.2615410034210204e-16	1.0004788258906905e-15	2.6582079362941715e-15	1.7111193394374907e-15
n9090	1.1165363284021942e-13	0.999999999998788	1.3224045268281916e-13	1.860772625863252e-14	1.8607828630125824e-14	9.428663378500656e-14	1.866579977807093e-14	4.850085248470646e-14	5.6673140999978e-14	1.5661027079238328e-13	3.72194047378934e-14	3.816418504992618e-14	8.959777465281597e-14	2.3805552850594155e-13	1.5323911012560113e-13
SRR30795572	0.0	0.0	0.0	0.0	0.0	0.0	0.0	0.0	0.0	0.0	0.0	0.0	0.0	0.0	1.0
SRR12051715	0.0	0.0	0.0	0.0	0.0	0.0	0.0	0.0	0.0	0.0	0.0	0.0	0.0	0.0	1.0
n100	8.503550292472086e-15	4.339570492191733e-15	1.0074555638675665e-14	1.4171594037820734e-15	1.417183657309399e-15	7.18078347390419e-15	1.4216163100024302e-15	3.702036734554176e-15	4.3162219766273745e-15	1.2056404101549473e-14	2.8345996872063686e-15	2.9066371161506534e-15	6.84327376957727e-15	1.8250141178436267e-14	0.9999999999999147
n101	8.503550292472086e-15	4.339570492191733e-15	1.0074555638675665e-14	1.4171594037820734e-15	1.417183657309399e-15	7.18078347390419e-15	1.4216163100024302e-15	3.702036734554176e-15	4.3162219766273745e-15	1.2056404101549473e-14	2.8345996872063686e-15	2.9066371161506534e-15	6.84327376957727e-15	1.8250141178436267e-14	0.9999999999999147
SRR29760147	0.0	0.0	0.0	0.0	0.0	0.0	0.0	0.0	0.0	0.0	1.0	0.0	0.0	0.0	0.0
DRR444233	0.0	0.0	0.0	0.0	0.0	0.0	0.0	1.0	0.0	0.0	0.0	0.0	0.0	0.0	0.0
ERR5413190	0.0	0.0	0.0	0.0	0.0	0.0	0.0	0.0	0.0	0.0	0.0	0.0	0.0	1.0	0.0
ERR5413895	0.0	0.0	0.0	0.0	0.0	0.0	0.0	0.0	0.0	0.0	0.0	0.0	0.0	1.0	0.0
ERR5413656	0.0	0.0	0.0	0.0	0.0	0.0	0.0	0.0	0.0	0.0	0.0	0.0	0.0	1.0	0.0
ERR5414181	0.0	0.0	0.0	0.0	0.0	0.0	0.0	0.0	0.0	0.0	0.0	0.0	0.0	1.0	0.0
ERR5412386	0.0	0.0	0.0	0.0	0.0	0.0	0.0	0.0	0.0	0.0	0.0	0.0	0.0	1.0	0.0
ERR5413305	0.0	0.0	0.0	0.0	0.0	0.0	0.0	0.0	0.0	0.0	0.0	0.0	0.0	1.0	0.0
SRR16943879	0.0	1.0	0.0	0.0	0.0	0.0	0.0	0.0	0.0	0.0	0.0	0.0	0.0	0.0	0.0
SRR16943872	0.0	1.0	0.0	0.0	0.0	0.0	0.0	0.0	0.0	0.0	0.0	0.0	0.0	0.0	0.0
SRR16943874	0.0	1.0	0.0	0.0	0.0	0.0	0.0	0.0	0.0	0.0	0.0	0.0	0.0	0.0	0.0
n82	1.1444327687510794e-15	0.9999999999999873	1.3554445435847892e-15	1.9072636635839112e-16	1.9072741565064021e-16	9.664236676759982e-16	1.913216111072756e-16	4.97126367355117e-16	5.808910827043152e-16	1.6052314757574285e-15	3.81493242377609e-16	3.9117709699887755e-16	9.183635741310284e-16	2.440032990188739e-15	1.5706775912339283e-15
n8484	1.1444527506075822e-15	0.9999999999999873	1.3554682097180099e-15	1.9072969645080716e-16	1.9073074576137695e-16	9.664405414842076e-16	1.9132495159269635e-16	4.971350472077108e-16	5.80901225093257e-16	1.6052595031836595e-15	3.814999032697419e-16	3.911839269716229e-16	9.183796088074697e-16	2.440075593293442e-15	1.5707050153475129e-15
SRR16943869	0.0	1.0	0.0	0.0	0.0	0.0	0.0	0.0	0.0	0.0	0.0	0.0	0.0	0.0	0.0
n91	1.2962962680853651e-13	0.9999999999985928	1.5353088022489185e-13	2.1603530035729006e-14	2.160364888881184e-14	1.0946657837881714e-13	2.1670953266489728e-14	5.630938508275431e-14	6.579739441535112e-14	1.8182418646648482e-13	4.321164859107969e-14	4.430853649476415e-14	1.0402282304365961e-13	2.763819549346379e-13	1.779102762064223e-13
SRR16943837	0.0	1.0	0.0	0.0	0.0	0.0	0.0	0.0	0.0	0.0	0.0	0.0	0.0	0.0	0.0
SRR7800483	0.0	0.0	0.0	0.0	0.0	0.0	0.0	0.0	0.0	0.0	0.0	0.0	0.0	0.0	1.0
n100100	8.299903075726059e-15	4.229825066053261e-15	9.830248419631396e-15	1.3832270429628445e-15	1.3832346532375107e-15	7.008906934842699e-15	1.3875440065565047e-15	3.605367645383777e-15	4.21286406279754e-15	1.1641810115069415e-14	2.7667478784048477e-15	2.8369792271433946e-15	6.6603555610987705e-15	1.7696138172668302e-14	0.999999999999917
SRR7800466	0.0	0.0	0.0	0.0	0.0	0.0	0.0	0.0	0.0	0.0	0.0	0.0	0.0	0.0	1.0
n101101	8.299903075726059e-15	4.229825066053261e-15	9.830248419631396e-15	1.3832270429628445e-15	1.3832346532375107e-15	7.008906934842699e-15	1.3875440065565047e-15	3.605367645383777e-15	4.21286406279754e-15	1.1641810115069415e-14	2.7667478784048477e-15	2.8369792271433946e-15	6.6603555610987705e-15	1.7696138172668302e-14	0.999999999999917
SRR16943873	0.0	1.0	0.0	0.0	0.0	0.0	0.0	0.0	0.0	0.0	0.0	0.0	0.0	0.0	0.0
SRR16943880	0.0	1.0	0.0	0.0	0.0	0.0	0.0	0.0	0.0	0.0	0.0	0.0	0.0	0.0	0.0
n85	1.144442332251247e-15	0.9999999999999873	1.3554558704136545e-15	1.9072796017122696e-16	1.907290094722445e-16	9.664317436356876e-16	1.9132320989429903e-16	4.971305216123414e-16	5.808959369448774e-16	1.6052448899412115e-15	3.8149643034180134e-16	3.91180365886605e-16	9.183712484745415e-16	2.4400533804261975e-15	1.5706907166667339e-15
n90	1.1444327688381361e-15	0.9999999999999873	1.3554445436878975e-15	1.9072636637289963e-16	1.907274156651488e-16	9.664236677495137e-16	1.9132161112182938e-16	4.9712636739293335e-16	5.808910827485035e-16	1.605231475879538e-15	3.8149324240662906e-16	3.911770970286343e-16	9.183635742008882e-16	2.4400329903743518e-15	1.5706775913534094e-15
n9191	1.2217396880208848e-14	0.9999999999998674	1.4470053978060115e-14	2.0361001335740366e-15	2.0361113352978956e-15	1.0317059966143682e-14	2.0424546714171975e-15	5.307074644692391e-15	6.201305218931976e-15	1.7136655432659598e-14	4.072632728204167e-15	4.176012759315472e-15	9.803994233519095e-15	2.604858254318528e-14	1.676777529176918e-14
SRR16943866	0.0	1.0	0.0	0.0	0.0	0.0	0.0	0.0	0.0	0.0	0.0	0.0	0.0	0.0	0.0
SRR7800481	0.0	0.0	0.0	0.0	0.0	0.0	0.0	0.0	0.0	0.0	0.0	0.0	0.0	0.0	1.0
SRR7800443	0.0	0.0	0.0	0.0	0.0	0.0	0.0	0.0	0.0	0.0	0.0	0.0	0.0	0.0	1.0
SRR7800528	0.0	0.0	0.0	0.0	0.0	0.0	0.0	0.0	0.0	0.0	0.0	0.0	0.0	0.0	1.0
SRR7800467	0.0	0.0	0.0	0.0	0.0	0.0	0.0	0.0	0.0	0.0	0.0	0.0	0.0	0.0	1.0
SRR16943868	0.0	1.0	0.0	0.0	0.0	0.0	0.0	0.0	0.0	0.0	0.0	0.0	0.0	0.0	0.0
n8585	1.14444233216418e-15	0.9999999999999873	1.3554558703105342e-15	1.9072796015671675e-16	1.9072900945773423e-16	9.664317435621632e-16	1.9132320987974354e-16	4.971305215745208e-16	5.808959369006839e-16	1.6052448898190875e-15	3.8149643031277786e-16	3.911803658568448e-16	9.183712484046735e-16	2.440053380240563e-15	1.5706907165472388e-15
SRR16943854	0.0	1.0	0.0	0.0	0.0	0.0	0.0	0.0	0.0	0.0	0.0	0.0	0.0	0.0	0.0
SRR16943857	0.0	1.0	0.0	0.0	0.0	0.0	0.0	0.0	0.0	0.0	0.0	0.0	0.0	0.0	0.0
n92	1.1445372977714578e-15	0.9999999999999873	1.3555683457811146e-15	1.9074378672661209e-16	1.9074483611470036e-16	9.665119378846212e-16	1.9133908584334776e-16	4.971717733707458e-16	5.809441395351572e-16	1.6053780927350468e-15	3.815280868140805e-16	3.9121282592927897e-16	9.184474546763748e-16	2.440255855406443e-15	1.5708210521644653e-15
SRR16943833	0.0	1.0	0.0	0.0	0.0	0.0	0.0	0.0	0.0	0.0	0.0	0.0	0.0	0.0	0.0
n86	1.14444233216418e-15	0.9999999999999873	1.3554558703105342e-15	1.9072796015671675e-16	1.9072900945773423e-16	9.664317435621632e-16	1.9132320987974354e-16	4.971305215745208e-16	5.808959369006839e-16	1.6052448898190875e-15	3.8149643031277786e-16	3.911803658568448e-16	9.183712484046735e-16	2.440053380240563e-15	1.5706907165472388e-15
SRR16943830	0.0	1.0	0.0	0.0	0.0	0.0	0.0	0.0	0.0	0.0	0.0	0.0	0.0	0.0	0.0
SRR16943834	0.0	1.0	0.0	0.0	0.0	0.0	0.0	0.0	0.0	0.0	0.0	0.0	0.0	0.0	0.0
n9292	1.4358860936495461e-15	0.9999999999999841	1.7006363536501273e-15	2.392987553521275e-16	2.393000718682128e-16	1.2125433165498454e-15	2.400455914097614e-16	6.237298137231052e-16	7.288269353650206e-16	2.0140366617114626e-15	4.786483369827641e-16	4.907983842055275e-16	1.1522437324545493e-15	3.0614375385996874e-15	1.970682920344015e-15
SRR16943863	0.0	1.0	0.0	0.0	0.0	0.0	0.0	0.0	0.0	0.0	0.0	0.0	0.0	0.0	0.0
n8686	1.1444423321641848e-15	0.9999999999999873	1.3554558703105397e-15	1.9072796015671754e-16	1.9072900945773502e-16	9.664317435621674e-16	1.9132320987974433e-16	4.971305215745228e-16	5.808959369006863e-16	1.6052448898190942e-15	3.8149643031277944e-16	3.911803658568464e-16	9.183712484046775e-16	2.4400533802405734e-15	1.5706907165472453e-15
SRR16943839	0.0	1.0	0.0	0.0	0.0	0.0	0.0	0.0	0.0	0.0	0.0	0.0	0.0	0.0	0.0
n93	1.6543533388740205e-12	0.9999999999820403	1.9593848302554153e-12	2.7570759035557057e-13	2.757091071769891e-13	1.3970293974817264e-12	2.765680560505881e-13	7.186290782059319e-13	8.397165202135621e-13	2.320468378831073e-12	5.514737401079666e-13	5.654723931204537e-13	1.3275553502561422e-12	3.527229239238518e-12	2.2705184509773783e-12
SRR16943855	0.0	1.0	0.0	0.0	0.0	0.0	0.0	0.0	0.0	0.0	0.0	0.0	0.0	0.0	0.0
n87	1.1444423322440942e-15	0.9999999999999873	1.3554558704051831e-15	1.9072796017003494e-16	1.907290094710525e-16	9.664317436296473e-16	1.9132320989310327e-16	4.971305216092344e-16	5.808959369412467e-16	1.6052448899311787e-15	3.8149643033941706e-16	3.9118036588416015e-16	9.183712484688018e-16	2.4400533804109477e-15	1.570690716656917e-15
SRR16943836	0.0	1.0	0.0	0.0	0.0	0.0	0.0	0.0	0.0	0.0	0.0	0.0	0.0	0.0	0.0
n9393	1.3288349644723307e-12	0.9999999999855741	1.5738470193267164e-12	2.214580630545671e-13	2.2145928141904132e-13	1.1221432968080094e-12	2.221492194565281e-13	5.772282275904314e-13	6.744899327638676e-13	1.863882063937954e-12	4.429631630825374e-13	4.5420737503013114e-13	1.066339291153696e-12	2.8331949594271084e-12	1.823760519739884e-12
n8787	1.144451895577282e-15	0.9999999999999873	1.355467197036281e-15	1.9072955395504265e-16	1.9073060326482851e-16	9.664398194483297e-16	1.913248086522117e-16	4.971346757939251e-16	5.809007910970534e-16	1.6052583038807487e-15	3.8149961824794723e-16	3.911836347148125e-16	9.1837892267832e-16	2.4400737702923904e-15	1.5707038418605515e-15
SRR16943856	0.0	1.0	0.0	0.0	0.0	0.0	0.0	0.0	0.0	0.0	0.0	0.0	0.0	0.0	0.0
SRR16943835	0.0	1.0	0.0	0.0	0.0	0.0	0.0	0.0	0.0	0.0	0.0	0.0	0.0	0.0	0.0
n94	1.1555273835519154e-15	0.9999999999999872	1.3685847956866048e-15	1.9257534833871197e-16	1.9257640780324348e-16	9.75792587039411e-16	1.9317636364169226e-16	5.019457204038442e-16	5.865224862955266e-16	1.6207932679185718e-15	3.851915990560187e-16	3.9496933305556437e-16	9.272665786414827e-16	2.463687700947344e-15	1.5859044034389494e-15
n8888	1.144432768830993e-15	0.9999999999999873	1.3554445436794373e-15	1.907263663717092e-16	1.9072741566395836e-16	9.664236677434817e-16	1.9132161112063522e-16	4.971263673898305e-16	5.808910827448778e-16	1.6052314758695188e-15	3.8149324240424794e-16	3.9117709702619274e-16	9.18363574195156e-16	2.440032990359122e-15	1.5706775913436056e-15
n89	1.1444423321641848e-15	0.9999999999999873	1.3554558703105397e-15	1.9072796015671754e-16	1.9072900945773502e-16	9.664317435621674e-16	1.9132320987974433e-16	4.971305215745228e-16	5.808959369006863e-16	1.6052448898190942e-15	3.8149643031277944e-16	3.911803658568464e-16	9.183712484046775e-16	2.4400533802405734e-15	1.5706907165472453e-15
SRR16943828	0.0	1.0	0.0	0.0	0.0	0.0	0.0	0.0	0.0	0.0	0.0	0.0	0.0	0.0	0.0
SRR16943829	0.0	1.0	0.0	0.0	0.0	0.0	0.0	0.0	0.0	0.0	0.0	0.0	0.0	0.0	0.0
SRR16943858	0.0	1.0	0.0	0.0	0.0	0.0	0.0	0.0	0.0	0.0	0.0	0.0	0.0	0.0	0.0
SRR16943870	0.0	1.0	0.0	0.0	0.0	0.0	0.0	0.0	0.0	0.0	0.0	0.0	0.0	0.0	0.0
n8989	1.1444327687510794e-15	0.9999999999999873	1.3554445435847892e-15	1.9072636635839112e-16	1.9072741565064021e-16	9.664236676759982e-16	1.913216111072756e-16	4.97126367355117e-16	5.808910827043152e-16	1.6052314757574285e-15	3.81493242377609e-16	3.9117709699887755e-16	9.183635741310284e-16	2.440032990188739e-15	1.5706775912339283e-15
SRR16943865	0.0	1.0	0.0	0.0	0.0	0.0	0.0	0.0	0.0	0.0	0.0	0.0	0.0	0.0	0.0
SRR16943838	0.0	1.0	0.0	0.0	0.0	0.0	0.0	0.0	0.0	0.0	0.0	0.0	0.0	0.0	0.0
SRR16943861	0.0	1.0	0.0	0.0	0.0	0.0	0.0	0.0	0.0	0.0	0.0	0.0	0.0	0.0	0.0
