node	Canada	China	Czech Republic	Denmark	Germany	Ireland	Singapore	Switzerland	Taiwan	UK	USA
Node_242	0.043008621528745225	0.0840520277143799	0.028847975656322813	0.014426276780444832	0.06673246696810935	0.014227940763541773	0.025597026892054973	0.014588036838131762	0.014242203113977277	0.6106237297086166	0.0836536940356756
Node_2	0.07265650147286044	0.06704473424208188	0.048735497329196756	0.024052531332382714	0.06167841903759021	0.024036534677289237	0.027884880102374457	0.02593489056018523	0.023989378306583004	0.4827321055385583	0.14125452740089783
Node_241	0.03134624262223344	0.09047629748699403	0.021024964947339006	0.01063853516282563	0.06853949590959126	0.010369604995426369	0.024642612105435613	0.010573243825977532	0.010407774540846612	0.6609858034963412	0.06099542490698935
Node_1	1.0974179679790158e-10	7.267333403799757e-11	7.36115208329743e-11	3.620792131883488e-11	7.36827687732313e-11	3.630547980697305e-11	3.625911483445429e-11	3.6233042433573224e-11	3.6207072292478295e-11	0.9999999992757493	2.133285592592081e-10
SRR20982497	0.0	0.0	0.0	0.0	0.0	0.0	0.0	1.0	0.0	0.0	0.0
Node_8	0.03894771628944199	0.2208307696564484	0.026124451634105348	0.013680970064783164	0.15910987937198065	0.012884683855628007	0.01920086628391282	0.012952622500084577	0.013035332056926365	0.40749465964958537	0.07573804863710341
Node_240	0.01934538422919751	0.04407881108165435	0.012974709174804727	0.0065149017824500145	0.03425699212956992	0.006399193376065974	0.02608070150115034	0.006485649908085746	0.00641151734327318	0.7997622578035368	0.03768988167021129
ERR337777	0.0	0.0	0.0	0.0	0.0	0.0	0.0	0.0	0.0	1.0	0.0
ERR363367	0.0	0.0	0.0	0.0	0.0	0.0	0.0	0.0	0.0	1.0	0.0
Node_4	0.009997694210701713	0.006671110382413872	0.006706154976264471	0.5686371525350951	0.0067470330985106965	0.0033075009340985547	0.0033009145796135545	0.0032985523927157767	0.12956248659066455	0.24233675774447744	0.019434642555444387
Node_7	0.03145619794828599	0.3364377551300823	0.021099622504215845	0.010793095122238253	0.23630165629863029	0.010406416288590193	0.013548440719983021	0.01042952821030956	0.010470814213267577	0.25789486427318364	0.0611616092912133
Node_9	0.019347526824363224	0.044078000203140254	0.012976146477274037	0.006515599281706357	0.03425691404581463	0.006399902257796315	0.026084990508199544	0.0064863494854206834	0.006412222187786455	0.799748308023097	0.037694040705401465
Node_239	0.014933705186048356	0.029922862209244065	0.010015156712787817	0.005011265769386875	0.023630442328096905	0.004939534624377145	0.017530613112136956	0.0049925485131303475	0.004945114200105207	0.8549474204767477	0.029131336867938683
ERR369140	0.0	0.0	0.0	1.0	0.0	0.0	0.0	0.0	0.0	0.0	0.0
Node_3	0.009998890054442156	0.006671883756907813	0.006706957112630133	0.5685165791819038	0.006747823374709062	0.0033078965507795277	0.003301308608767444	0.0032989469260810136	0.1296050100639001	0.24240773720227948	0.01943696716759956
ERR1413187	0.0	0.0	0.0	0.0	1.0	0.0	0.0	0.0	0.0	0.0	0.0
SRR32604953	0.0	1.0	0.0	0.0	0.0	0.0	0.0	0.0	0.0	0.0	0.0
ERR3198427	0.0	0.0	0.0	0.0	0.0	0.0	0.0	0.0	0.0	1.0	0.0
SRR14719221	0.0	0.0	0.0	0.0	0.0	0.0	1.0	0.0	0.0	0.0	0.0
Node_117	9.501981710989837e-08	9.739579374478479e-08	6.373312804042522e-08	3.1495255212822855e-08	8.720569767643639e-08	3.143345643016344e-08	5.3137863781273394e-08	3.146289293473587e-08	3.138089314143042e-08	0.999999292849562	1.8488563998726954e-07
Node_238	2.1078572729525322e-05	0.00019829069504128998	4.707349559124319e-06	2.323553920432148e-06	6.117703086864754e-06	2.4271498626899916e-06	3.5260941947258313e-06	2.3217556280875226e-06	2.3171994649227376e-06	0.9992190685507097	0.0005378213758026674
DRR317546	0.0	0.0	0.0	0.0	0.0	0.0	0.0	0.0	1.0	0.0	0.0
ERR5412274	0.0	0.0	0.0	0.0	0.0	0.0	0.0	0.0	0.0	1.0	0.0
Node_116	3.0604745653870984e-09	3.1356241599589643e-09	2.052767894600567e-09	1.0144186864604655e-09	2.8078555567536804e-09	1.0124340678983122e-09	1.7106416916858177e-09	1.0133776211702015e-09	1.0107397625862765e-09	0.9999999772267277	5.954938175223296e-09
ERR5412171	0.0	0.0	0.0	0.0	0.0	0.0	0.0	0.0	0.0	1.0	0.0
Node_123	0.0006138488020638382	0.0004105304860156185	0.0004114725373863161	0.00020238865139454802	0.0004109418035074691	0.0002029429268119386	0.0002024243976924068	0.00020238855239258018	0.0002023884299635159	0.9959327115552365	0.0012079618575353873
Node_237	2.031624815543581e-05	0.0001976008297038029	4.1943073011575015e-06	2.070314078611916e-06	5.462499709425933e-06	2.1741344697040454e-06	3.1415995629734806e-06	2.0687120660829937e-06	2.064653198751519e-06	0.9992244777856283	0.0005364289161257496
Node_115	7.113379745971942e-14	7.197835096581298e-14	4.771202560278266e-14	2.3574077884636844e-14	6.464964937350637e-14	2.3531777901790768e-14	3.919341894527754e-14	2.3550722032213634e-14	2.3491543326464702e-14	0.9999999999994728	1.3840448198525922e-13
ERR5413579	0.0	0.0	0.0	0.0	0.0	0.0	0.0	0.0	0.0	1.0	0.0
ERR5412450	0.0	0.0	0.0	0.0	0.0	0.0	0.0	0.0	0.0	1.0	0.0
Node_122	1.5420903527522656e-11	1.0199339790930261e-11	1.0342699631682069e-11	5.08719965513592e-12	1.0328483561074918e-11	5.101071698917796e-12	5.0873550055843846e-12	5.087198277651044e-12	5.08719801606734e-12	0.9999999998982194	3.003917183048605e-11
Node_145	2.0249604218184575e-05	0.00019818485261199602	4.1931898178420555e-06	2.0697307624729208e-06	5.455497254581819e-06	2.173095933829806e-06	3.1360664869381653e-06	2.0681361498492457e-06	2.0640960366571844e-06	0.999221686782258	0.0005387189484696545
Node_236	0.0005631949813551409	2.3020245511301427e-05	1.0613800209793791e-05	5.220946630440912e-06	1.397954063290986e-05	9.340509930907091e-06	5.29060014267211e-06	5.220841324738933e-06	5.220577749723589e-06	0.9992940539452391	6.48440112732584e-05
Node_17	4.14598017521088e-13	2.736861244356518e-13	2.78099978883257e-13	1.367876860135731e-13	2.7777666886644597e-13	1.3715995876262386e-13	1.3684633645064632e-13	1.3678756753866473e-13	1.3678735411088423e-13	0.9999999999972655	8.059423106799303e-13
Node_114	2.466787936641967e-15	1.6283881407697915e-15	1.6546477407400065e-15	8.1386355725051e-16	1.65272551744443e-15	8.16078508162934e-16	8.142138185674173e-16	8.13862850399684e-16	8.138615756105931e-16	0.9999999999999839	4.795220165008786e-15
ERR5412398	0.0	0.0	0.0	0.0	0.0	0.0	0.0	0.0	0.0	1.0	0.0
Node_121	4.4453123094464445e-12	2.9342453271378686e-12	2.9817423516941454e-12	1.4666108955452175e-12	2.977598816174674e-12	1.4706070298621897e-12	1.466617386794533e-12	1.4666105556748464e-12	1.4666106253594505e-12	0.9999999999706807	8.643432177170243e-12
Node_141	2.044136095132283e-05	0.000198202083567859	4.327367806644115e-06	2.1357237565326536e-06	5.588738496016023e-06	2.239210924852689e-06	3.201428881213254e-06	2.1341300717842724e-06	2.1300923521180518e-06	0.9992200932130948	0.0005395066500969072
Node_144	2.08981200657234e-05	0.00021296087330204653	4.632697722653554e-06	2.285905273726585e-06	5.8937853653307236e-06	2.3898125381156864e-06	3.351729830578186e-06	2.2843113766208155e-06	2.280273214091518e-06	0.9991799922784443	0.000563030212866603
SRR12440237	1.0	0.0	0.0	0.0	0.0	0.0	0.0	0.0	0.0	0.0	0.0
Node_235	9.595762200568576e-05	5.929268206492177e-07	2.8601817870597483e-07	1.4061720646270546e-07	3.877343915763514e-06	4.603621971334372e-06	1.4234322715609488e-07	1.4061459444660058e-07	1.406080637551738e-07	0.9998924452130791	1.673070937067056e-06
Node_11	7.453762934461534e-11	4.9187252994300316e-11	4.9997619238077473e-11	2.4592014733399003e-11	4.992806417488849e-11	2.4659014414295343e-11	2.4592060370990565e-11	2.4592009128972898e-11	2.4592010536924722e-11	0.9999999995084278	1.4489455179623292e-10
Node_16	1.0956424943382163e-08	7.230120450449352e-09	7.349243159267342e-09	3.6148260186498105e-09	7.339015419438569e-09	3.6246744497030693e-09	3.614829317688747e-09	3.614825199941655e-09	3.614825419816665e-09	0.9999999277428957	2.129831996748495e-08
Node_23	1.371716430028607e-13	9.051926164925831e-14	9.201064801649906e-14	4.525669884917656e-14	9.188259900857327e-14	4.5379998693534927e-14	4.525673986156014e-14	4.525668859959393e-14	4.525669135347487e-14	0.9999999999990954	2.6664952830981293e-13
Node_113	2.4623158056595123e-15	1.6248767150295632e-15	1.6516480224361893e-15	8.123857267349659e-16	1.6493494635811125e-15	8.145990351779034e-16	8.123864629421523e-16	8.12385542748607e-16	8.123855921824394e-16	0.9999999999999839	4.786523903597323e-15
ERR5414059	0.0	0.0	0.0	0.0	0.0	0.0	0.0	0.0	0.0	1.0	0.0
Node_120	3.9160162152247515e-12	2.584170357090981e-12	2.6267469115217843e-12	1.2920014855091566e-12	2.623091317453124e-12	1.2955214856407661e-12	1.292002643933005e-12	1.292001192919631e-12	1.292001271585252e-12	0.9999999999741741	7.61238878367624e-12
Node_131	0.001875756423468795	0.0012842433824908342	0.0012558423651866505	0.0006177051092621528	0.0012544132494412847	0.0006194125725186986	0.0006179735756397579	0.0006177045688523798	0.0006177035913668389	0.9679438702810779	0.023295374880694712
Node_140	0.0007431293258394196	0.0005065713878208093	0.0004976468886891178	0.0002447750807895641	0.0004970653544787341	0.0002454505158958584	0.00024486866253449084	0.00024477488578286113	0.0002447745469454618	0.9950425827189003	0.0014883606323233183
ERR5412664	0.0	0.0	0.0	0.0	0.0	0.0	0.0	0.0	0.0	1.0	0.0
Node_143	0.003978163466109132	0.16545017472198853	0.0026634441615520617	0.001310055384988757	0.0026604113361703746	0.001313676499927005	0.001310623165992319	0.0013100542412475525	0.0013100521741938227	0.5491689620651433	0.2695243827826871
Node_147	1.2113586131690043e-08	7.985779367791022e-09	8.117312208751584e-09	3.992611303545004e-09	8.10647064293384e-09	0.9999997425951894	3.992615102073245e-09	3.992610399042378e-09	3.9926106413103905e-09	1.8158690149128092e-07	2.352431333845444e-08
Node_234	9.116941128113821e-05	3.546231699479727e-07	1.7120549762331594e-07	8.414022610354088e-08	3.765049564509144e-06	2.752310628907364e-06	8.517211325578548e-08	8.413866451485787e-08	8.413476019988647e-08	0.999900449150103	1.000663990793679e-06
Node_10	7.309654305816995e-11	4.823624562145491e-11	4.9030981530285756e-11	2.4116560562388736e-11	4.89627460807636e-11	2.418226505032439e-11	2.411658222369059e-11	2.411655510084186e-11	2.411655656907364e-11	0.9999999995179318	1.4209320746356483e-10
ERR5414037	0.0	0.0	0.0	0.0	0.0	0.0	0.0	0.0	0.0	1.0	0.0
ERR5413674	0.0	0.0	0.0	0.0	0.0	0.0	0.0	0.0	0.0	1.0	0.0
Node_15	2.217838235528852e-08	1.4635464998264859e-08	1.4876597580935127e-08	7.317258503125091e-09	1.4855894101042655e-08	7.337194045911061e-09	7.3172650638704495e-09	7.31725684604248e-09	7.317257291565658e-09	0.9999998537346177	4.311281154160121e-08
Node_22	6.026987257217108e-09	3.977195434495786e-09	4.042723342699663e-09	1.988468908580367e-09	4.037097160973882e-09	1.9938864029860444e-09	1.9884706914654644e-09	1.988468458267282e-09	1.988468579338444e-09	0.9999999602523041	1.1715929575994269e-08
ERR5413234	0.0	0.0	0.0	0.0	0.0	0.0	0.0	0.0	0.0	1.0	0.0
Node_90	2.4622401719063643e-15	1.6248267919616989e-15	1.651597289571e-15	8.123607730264384e-16	1.6492987928149046e-15	8.145740135373992e-16	8.123615013988575e-16	8.123605890574071e-16	8.123606385193198e-16	0.9999999999999839	4.7863768782147455e-15
Node_112	5.8415383567015006e-15	3.854818119099953e-15	3.918329749848679e-15	1.927284214293164e-15	3.912876684336759e-15	1.932535013741933e-15	1.927285942319322e-15	1.927283777836085e-15	1.9272838951819327e-15	0.9999999999999615	1.135543333373244e-14
Node_119	2.549657185915247e-15	1.682513084328885e-15	1.7102340160149694e-15	8.412020509351254e-16	1.707853915633904e-15	8.434938682149068e-16	8.412028051668154e-16	8.41201860434641e-16	8.41201911652602e-16	0.9999999999999833	4.9563078132186754e-15
ERR5411954	0.0	0.0	0.0	0.0	0.0	0.0	0.0	0.0	0.0	1.0	0.0
Node_125	7.059217297679625e-08	4.661743378464087e-08	4.734940675471462e-08	2.328945627860926e-08	4.7283743508495844e-08	2.3352925238991243e-08	2.328967226463208e-08	2.3289450712750513e-08	2.3289451391534696e-08	1.0188369605473793e-06	0.9999986528093265
Node_130	7.058599030533089e-08	4.7564080203985764e-08	4.729695923762799e-08	2.326369655691362e-08	4.723789231643032e-08	2.3327598040634546e-08	2.3269397747237804e-08	2.326368279660365e-08	2.3263662690806244e-08	0.9999991171108484	5.538161916657993e-07
Node_132	4.359811355264538e-08	2.8986655047787457e-08	2.9233322848601832e-08	1.4378819171018135e-08	2.9194123903749585e-08	1.4418108020017313e-08	1.4380080339095522e-08	1.4378814048616021e-08	1.4378810194493523e-08	0.9999997117168911	8.533626183453071e-08
Node_139	2.4115944342646054e-11	1.5946071537620347e-11	1.617462997567866e-11	7.95571479095964e-12	1.6152339708188265e-11	7.977406706800187e-12	7.955906627641347e-12	7.955712713163401e-12	7.9557124977358e-12	0.9999999998408445	4.696587873798647e-11
SRR32604932	0.0	1.0	0.0	0.0	0.0	0.0	0.0	0.0	0.0	0.0	0.0
Node_142	0.003980290983961674	0.16538979894046676	0.002664873130140665	0.0013107582413203497	0.0026618380604194075	0.0013143812514565148	0.0013113258079699853	0.0013107570977413695	0.0013107550315449978	0.5489770876830729	0.26976813377190545
ERR4020061	0.0	0.0	0.0	0.0	0.0	1.0	0.0	0.0	0.0	0.0	0.0
Node_146	1.974672833619403e-14	1.3030813354461459e-14	1.3245507800082552e-14	6.514984629445049e-15	1.322707476862884e-14	0.9999999999997865	6.514990471093282e-15	6.514983154046736e-15	6.5149835507213125e-15	8.968865245067789e-14	3.8385866134369253e-14
Node_150	0.0001542485404365337	3.606055886016367e-06	3.4762429662903007e-06	1.7097682352953098e-06	7.605154014876187e-05	4.3818820352026675e-06	1.710801392219613e-06	1.7097663058440287e-06	1.7097625012195697e-06	0.9997408169734158	1.0578666676775108e-05
Node_233	2.9856405702963266e-05	1.1627354742917821e-07	5.631527886536408e-08	2.7624979232814828e-08	1.2331233320187553e-06	9.013985689628311e-07	2.796290206961618e-08	2.762446782718198e-08	2.7623189245025128e-08	0.9999673975336235	3.281144078094821e-07
ERR5412758	0.0	0.0	0.0	0.0	0.0	0.0	0.0	0.0	0.0	1.0	0.0
ERR5412514	0.0	0.0	0.0	0.0	0.0	0.0	0.0	0.0	0.0	1.0	0.0
ERR5414164	0.0	0.0	0.0	0.0	0.0	0.0	0.0	0.0	0.0	1.0	0.0
Node_14	1.4920443074634367e-11	9.845967071860069e-12	1.0008188324774697e-11	4.922664656479247e-12	9.994260118094995e-12	4.936076235670889e-12	4.9226690701984536e-12	4.922663541681677e-12	4.922663841406156e-12	0.9999999999016004	2.90040202251501e-11
Node_18	8.089737033115857e-06	5.3383994060791385e-06	5.426354386416996e-06	2.669026809319921e-06	5.418802631498075e-06	2.676298453219255e-06	2.6690292024008355e-06	2.6690262048861823e-06	2.6690263673942183e-06	0.9999466485670089	1.572573249674678e-05
Node_21	1.629555782521404e-05	1.0753402225528809e-05	1.0930574297036686e-05	5.376352844385023e-06	1.091536242321936e-05	5.391000476707443e-06	5.376357664886368e-06	5.376351626844219e-06	5.376351954192201e-06	0.9998925315671195	3.16771215424642e-05
Node_86	2.462240170536097e-15	1.6248267910571835e-15	1.6515972886518659e-15	8.123607725743497e-16	1.6492987918968604e-15	8.145740130840787e-16	8.123615009465956e-16	8.123605886053184e-16	8.123606380672311e-16	0.9999999999999839	4.7863768755510675e-15
Node_89	2.4621851353254796e-15	1.6247904734445748e-15	1.6515603726735935e-15	8.123426149442568e-16	1.649261927293858e-15	8.145558059843366e-16	8.123433433002225e-16	8.123424309793376e-16	8.123424804401448e-16	0.9999999999999839	4.78626989197465e-15
Node_99	1.4142408542187848e-13	9.332543821027675e-14	9.486305959421844e-14	4.665969659203631e-14	9.473104046573878e-14	4.6786818843818485e-14	4.665973842767036e-14	4.6659686025377415e-14	4.665968886632926e-14	0.9999999999990674	2.7491589984166995e-13
Node_111	1.5086173433508987e-10	9.955332165652839e-11	1.0119355307849718e-10	4.977343661389315e-11	1.0105272392179223e-10	4.990904211078776e-11	4.977348124134322e-11	4.977342534209016e-11	4.977342837262675e-11	0.999999999005074	2.932618536841549e-10
ERR5413126	0.0	0.0	0.0	0.0	0.0	0.0	0.0	0.0	0.0	1.0	0.0
Node_118	2.4621320567139794e-15	1.6247554469873552e-15	1.6515247691236686e-15	8.123251028500424e-16	1.649226373292721e-15	8.145382461792065e-16	8.123258311903064e-16	8.12324918889089e-16	8.123249683488298e-16	0.9999999999999839	4.786166711853674e-15
SRR29263923	0.0	0.0	0.0	0.0	0.0	0.0	0.0	0.0	0.0	0.0	1.0
Node_124	1.0124509493175357e-09	6.68114440309676e-10	6.791218918630669e-10	3.3403541441816065e-10	6.781767729431967e-10	3.349454791000309e-10	3.3403571576085366e-10	3.340353387690018e-10	3.340353591003093e-10	4.598086441078915e-09	0.9999999906929622
ERR5413242	0.0	0.0	0.0	0.0	0.0	0.0	0.0	0.0	0.0	1.0	0.0
Node_129	1.580179345856011e-12	1.0647616757283902e-12	1.0588192614706718e-12	5.207956354526915e-13	1.0574967072893181e-12	5.222261550672988e-13	5.209230596776362e-13	5.207953277140447e-13	5.207948783943095e-13	0.9999999999802502	1.2382948176664068e-11
ERR5412362	0.0	0.0	0.0	0.0	0.0	0.0	0.0	0.0	0.0	1.0	0.0
ERR5413523	0.0	0.0	0.0	0.0	0.0	0.0	0.0	0.0	0.0	1.0	0.0
Node_137	3.0012139413698374e-15	1.981209911915387e-15	2.0130884716207053e-15	9.901651956432415e-16	2.010291803986372e-15	9.92863234677311e-16	9.901702117126823e-16	9.901649652365486e-16	9.901650098827218e-16	0.9999999999999803	5.836030152770932e-15
Node_138	3.001079782824732e-15	1.9811213490062694e-15	2.0129984836938546e-15	9.901209338462803e-16	2.0102019410745546e-15	9.928188522741559e-16	9.901259496915038e-16	9.90120703449887e-16	9.901207480940644e-16	0.9999999999999803	5.835769273898232e-15
SRR30795417	0.0	0.0	0.0	0.0	0.0	0.0	0.0	0.0	0.0	0.0	1.0
SRR30795450	0.0	0.0	0.0	0.0	0.0	0.0	0.0	0.0	0.0	0.0	1.0
ERR337735	0.0	0.0	0.0	0.0	0.0	1.0	0.0	0.0	0.0	0.0	0.0
ERR363325	0.0	0.0	0.0	0.0	0.0	1.0	0.0	0.0	0.0	0.0	0.0
SRR26728057	1.0	0.0	0.0	0.0	0.0	0.0	0.0	0.0	0.0	0.0	0.0
Node_149	0.00017139833369955593	0.00011286924304184757	0.0001147284112657119	5.643074203150295e-05	0.9958061472496925	5.6590900464954824e-05	5.643079510909507e-05	5.643072924836261e-05	5.643073267483949e-05	0.0031800553841009925	0.00033248747867057444
Node_166	2.984982998931342e-05	1.520910004760705e-07	9.284971651150025e-08	4.559509600742585e-08	1.2671939685319941e-06	9.176263107787759e-07	4.593234216788276e-08	4.559458156794326e-08	4.559330670483742e-08	0.9999671040395349	4.336541530769974e-07
Node_232	2.918122913372824e-05	1.1685165607672306e-07	5.832515283109533e-08	2.8608923512048083e-08	1.2083105498464152e-06	8.824841851215557e-07	2.893915062432101e-08	2.8608423389834096e-08	2.8607174029308907e-08	0.9999681078902282	3.3014542257565454e-07
Node_13	2.795617712492708e-15	1.8448218866574444e-15	1.875217003325386e-15	9.223511954354324e-16	1.87260729923669e-15	9.248640999217798e-16	9.223520224263884e-16	9.223509865577249e-16	9.223510427165842e-16	0.9999999999999818	5.434433298617935e-15
ERR5412064	0.0	0.0	0.0	0.0	0.0	0.0	0.0	0.0	0.0	1.0	0.0
ERR5413453	0.0	0.0	0.0	0.0	0.0	0.0	0.0	0.0	0.0	1.0	0.0
ERR5412465	0.0	0.0	0.0	0.0	0.0	0.0	0.0	0.0	0.0	1.0	0.0
Node_19	3.9062186297602264e-12	2.5777049523073927e-12	2.6201749833318363e-12	1.2887689925168443e-12	2.616528535291436e-12	1.2922801858661865e-12	1.2887701480423275e-12	1.2887687006593563e-12	1.2887687791281616e-12	0.9999999999742387	7.593343145019178e-12
Node_20	7.494004456619987e-12	4.945276808950338e-12	5.026754737334879e-12	2.4724782427418296e-12	5.019759097700877e-12	2.479214398882081e-12	2.472480459594971e-12	2.4724776828189157e-12	2.4724778333597724e-12	0.9999999999505774	1.4567681116433555e-11
Node_58	2.4622544993214795e-15	1.6248362465906651e-15	1.6516068999738524e-15	8.12365500034856e-16	1.6493083898429517e-15	8.145787534243392e-16	8.123662284113406e-16	8.123653160647541e-16	8.123653655269547e-16	0.9999999999999839	4.7864047294411265e-15
Node_85	2.4621851353254643e-15	1.6247904734445647e-15	1.6515603726735834e-15	8.123426149442518e-16	1.6492619272938477e-15	8.145558059843316e-16	8.123433433002174e-16	8.123424309793326e-16	8.123424804401398e-16	0.9999999999999839	4.786269891974621e-15
ERR5412427	0.0	0.0	0.0	0.0	0.0	0.0	0.0	0.0	0.0	1.0	0.0
Node_88	2.4621851328653293e-15	1.624790471821127e-15	1.651560371023398e-15	8.123426141325856e-16	1.6492619256459589e-15	8.14555805170454e-16	8.123433424885505e-16	8.123424301676665e-16	8.123424796284737e-16	0.9999999999999839	4.786269887192336e-15
Node_95	7.222485675842103e-14	4.766102171738958e-14	4.8446280351890136e-14	2.3828967270308157e-14	4.837885857846751e-14	2.389388822347103e-14	2.3828988635641143e-14	2.3828961873947116e-14	2.3828963324812716e-14	0.9999999999995236	1.4039872647891503e-13
Node_98	6.212910167331978e-09	4.099885547767108e-09	4.167434887056087e-09	2.0498099916751497e-09	4.161635146628815e-09	2.0553946071120233e-09	2.0498118295589623e-09	2.0498095274706266e-09	2.04980965227664e-09	0.9999999590261514	1.2077347250946383e-08
Node_103	4.472707428816532e-08	2.9515296459968336e-08	3.0001587784826176e-08	1.4756692323727759e-08	2.995983514170788e-08	1.4796896270475495e-08	1.475670555475213e-08	1.4756688981894444e-08	1.4756689880379645e-08	0.9999997050270613	8.694547211343642e-08
Node_110	1.6677513126284297e-08	1.1005453675907894e-08	1.1186778524058328e-08	5.5023704064324915e-09	1.117121009565686e-08	5.517361367953782e-09	5.50237533992269e-09	5.5023691603534694e-09	5.502369495374236e-09	0.9999998900125899	3.2419608827991166e-08
ERR5412863	0.0	0.0	0.0	0.0	0.0	0.0	0.0	0.0	0.0	1.0	0.0
ERR5412985	0.0	0.0	0.0	0.0	0.0	0.0	0.0	0.0	0.0	1.0	0.0
SRR29263870	0.0	0.0	0.0	0.0	0.0	0.0	0.0	0.0	0.0	0.0	1.0
SRR29263873	0.0	0.0	0.0	0.0	0.0	0.0	0.0	0.0	0.0	0.0	1.0
Node_128	2.500131122875893e-15	1.650323289578321e-15	1.6769883968156564e-15	8.248497565998217e-16	1.67465794191269e-15	8.270972831175553e-16	8.248533367527229e-16	8.248495655559059e-16	8.248496050155324e-16	0.9999999999999833	5.068365751517233e-15
ERR5413694	0.0	0.0	0.0	0.0	0.0	0.0	0.0	0.0	0.0	1.0	0.0
Node_134	2.4621971807269497e-15	1.624798438170495e-15	1.6515684515572673e-15	8.123465886545914e-16	1.64926999504403e-15	8.145597905293293e-16	8.123473171063905e-16	8.123464046886393e-16	8.123464541493363e-16	0.9999999999999839	4.786293350438575e-15
Node_136	2.4621971807269497e-15	1.624798438170495e-15	1.6515684515572673e-15	8.123465886545914e-16	1.64926999504403e-15	8.145597905293293e-16	8.123473171063905e-16	8.123464046886393e-16	8.123464541493363e-16	0.9999999999999839	4.786293350438575e-15
ERR5413790	0.0	0.0	0.0	0.0	0.0	0.0	0.0	0.0	0.0	1.0	0.0
ERR5412890	0.0	0.0	0.0	0.0	0.0	0.0	0.0	0.0	0.0	1.0	0.0
ERR7253793	0.0	0.0	0.0	0.0	1.0	0.0	0.0	0.0	0.0	0.0	0.0
Node_148	4.939773937804466e-13	3.255113826315126e-13	3.308735856828921e-13	1.6274470961829782e-13	0.999999999990123	1.6320068460479798e-13	1.6274486040404032e-13	1.6274467275549246e-13	1.6274468264602982e-13	6.953400056660407e-12	9.588836336833282e-13
Node_155	7.491940560006805e-12	4.805881132765931e-12	4.884626327314495e-12	2.402569910671133e-12	4.886122716675609e-12	2.415273086066048e-12	2.4025744462160252e-12	2.4025693630197024e-12	2.4025695002812802e-12	0.9999999999517489	1.4156951087697878e-11
Node_165	8.55293276022996e-08	5.62160526543561e-08	5.714155378782859e-08	2.810585588271789e-08	5.707552440824424e-08	2.8192446304251778e-08	2.810588495688715e-08	2.8105849512011487e-08	2.8105851208603793e-08	0.9999994378218816	1.6559977201969023e-07
Node_167	2.9711319926507975e-05	4.712055185188012e-07	4.185316820788045e-07	2.0578146275121408e-07	1.567742499349264e-06	1.059936537518996e-06	2.061117702536177e-07	2.0578092262341576e-07	2.0577968434762433e-07	0.9999645738138837	1.3739961124440055e-06
Node_231	2.9149756610758497e-05	1.452439316988697e-07	8.742406419904279e-08	4.288071742211714e-08	1.2343315350096142e-06	8.946018652900456e-07	4.3210109201159e-08	4.288021533581414e-08	4.287897005773338e-08	0.9999679029731069	4.13818874084074e-07
ERR5413967	0.0	0.0	0.0	0.0	0.0	0.0	0.0	0.0	0.0	1.0	0.0
Node_12	2.4621375540678503e-15	1.6247590746789004e-15	1.6515284565847278e-15	8.123269165783256e-16	1.6492300556220103e-15	8.145400648489111e-16	8.123276449202158e-16	8.123267326169614e-16	8.123267820768127e-16	0.9999999999999839	4.786177398222842e-15
ERR5413958	0.0	0.0	0.0	0.0	0.0	0.0	0.0	0.0	0.0	1.0	0.0
ERR5412291	0.0	0.0	0.0	0.0	0.0	0.0	0.0	0.0	0.0	1.0	0.0
ERR5413085	0.0	0.0	0.0	0.0	0.0	0.0	0.0	0.0	0.0	1.0	0.0
ERR5414236	0.0	0.0	0.0	0.0	0.0	0.0	0.0	0.0	0.0	1.0	0.0
Node_27	2.544297421805655e-15	1.678976187959541e-15	1.7066388460648124e-15	8.394337172993768e-16	1.7042637490138552e-15	8.417207168334286e-16	8.394344699455442e-16	8.394335271993461e-16	8.394335783096394e-16	0.9999999999999833	4.945888906362579e-15
Node_57	3.021206233992273e-15	1.993687248320221e-15	2.026535057070949e-15	9.967790549928497e-16	2.0237147665046057e-15	9.994947348462338e-16	9.96779948716702e-16	9.967788292600432e-16	9.967788899505643e-16	0.9999999999999802	5.87295740996008e-15
ERR5412226	0.0	0.0	0.0	0.0	0.0	0.0	0.0	0.0	0.0	1.0	0.0
Node_84	2.4621851342766043e-15	1.6247904727524243e-15	1.6515603719700392e-15	8.123426145982041e-16	1.6492619265912827e-15	8.145558056373411e-16	8.123433429541694e-16	8.123424306332849e-16	8.12342480094092e-16	0.9999999999999839	4.7862698899357295e-15
ERR5413420	0.0	0.0	0.0	0.0	0.0	0.0	0.0	0.0	0.0	1.0	0.0
Node_87	2.4621301016651974e-15	1.624754156855029e-15	1.6515234577352401e-15	8.123244578256557e-16	1.649225063729327e-15	8.145375993974865e-16	8.123251861653481e-16	8.123242738648551e-16	8.123243233245566e-16	0.9999999999999839	4.786162911411948e-15
Node_94	1.0508849177616205e-10	6.934766109047904e-11	7.049022681172223e-11	3.4671584595814975e-11	7.039212689432736e-11	3.476604577384648e-11	3.467161568276648e-11	3.4671576744010646e-11	3.467157885504671e-11	0.9999999993069464	2.0428272308401383e-10
ERR5412859	0.0	0.0	0.0	0.0	0.0	0.0	0.0	0.0	0.0	1.0	0.0
Node_96	3.66074813242202e-12	2.415719519179475e-12	2.4555206930236997e-12	1.2077815221441e-12	2.452103391249506e-12	1.2110720687607818e-12	1.2077826050552616e-12	1.2077812486272143e-12	1.2077813221649654e-12	0.9999999999758575	7.116170233071357e-12
Node_97	3.364068221509106e-05	2.2199411083696125e-05	2.2565166550241966e-05	1.1098986573770872e-05	2.2533763034113605e-05	1.1129225265164354e-05	1.1098996525253132e-05	1.1098984060269726e-05	1.1098984736049565e-05	0.9997781412924024	6.539450755407671e-05
ERR5412463	0.0	0.0	0.0	0.0	0.0	0.0	0.0	0.0	0.0	1.0	0.0
Node_102	1.488718809626966e-11	9.824022185886074e-12	9.985881876866584e-12	4.911692924217111e-12	9.971984713649164e-12	4.925074611415987e-12	4.911697328098894e-12	4.911691811904184e-12	4.911692110960632e-12	0.9999999999018196	2.893937549172951e-11
Node_109	3.658390057921339e-12	2.414163431081382e-12	2.4539389669604306e-12	1.207003528491781e-12	2.4505238664445272e-12	1.2102919554996317e-12	1.2070046107053844e-12	1.2070032551510815e-12	1.207003328641463e-12	0.9999999999758732	7.111586345034784e-12
ERR5413470	0.0	0.0	0.0	0.0	0.0	0.0	0.0	0.0	0.0	1.0	0.0
ERR5413376	0.0	0.0	0.0	0.0	0.0	0.0	0.0	0.0	0.0	1.0	0.0
Node_127	1.2073232850289019e-13	7.96709945572245e-14	8.098364600117834e-14	3.9832916706432714e-14	8.087094259417145e-14	3.994143970272094e-14	3.9832952424205033e-14	3.983290768577705e-14	3.98329101110572e-14	0.9999999999992039	2.34693184591505e-13
Node_133	2.4621301019344763e-15	1.6247541570330845e-15	1.6515234579158508e-15	8.123244579144983e-16	1.6492250639096864e-15	8.145375994865644e-16	8.123251862541841e-16	8.12324273953691e-16	8.123243234133925e-16	0.9999999999999839	4.786162911936381e-15
ERR5412934	0.0	0.0	0.0	0.0	0.0	0.0	0.0	0.0	0.0	1.0	0.0
Node_135	2.4621301019344763e-15	1.6247541570330845e-15	1.6515234579158508e-15	8.123244579144983e-16	1.6492250639096864e-15	8.145375994865644e-16	8.123251862541841e-16	8.12324273953691e-16	8.123243234133925e-16	0.9999999999999839	4.786162911936381e-15
ERR5412414	0.0	0.0	0.0	0.0	0.0	0.0	0.0	0.0	0.0	1.0	0.0
ERR7253689	0.0	0.0	0.0	0.0	1.0	0.0	0.0	0.0	0.0	0.0	0.0
ERR4298314	0.0	0.0	0.0	0.0	1.0	0.0	0.0	0.0	0.0	0.0	0.0
ERR5413313	0.0	0.0	0.0	0.0	0.0	0.0	0.0	0.0	0.0	1.0	0.0
Node_154	2.6295827337825016e-15	1.7321706763176393e-15	1.7607000157877652e-15	8.660244331672197e-16	1.7584350616109898e-15	8.685214996333262e-16	8.660252628793911e-16	8.660242369658309e-16	8.660242894934845e-16	0.9999999999999827	5.102585721379317e-15
Node_164	2.7264372629671375e-09	1.7920212657834394e-09	1.8215238610617371e-09	8.959414600126413e-10	1.8194184287774353e-09	8.987013007609388e-10	8.959423866526763e-10	8.959412569313683e-10	8.959413110149558e-10	0.9999999820792423	5.278889204424707e-09
ERR5411956	0.0	0.0	0.0	0.0	0.0	0.0	0.0	0.0	0.0	1.0	0.0
ERR5413766	0.0	0.0	0.0	0.0	0.0	0.0	0.0	0.0	0.0	1.0	0.0
ERR5413897	0.0	0.0	0.0	0.0	0.0	0.0	0.0	0.0	0.0	1.0	0.0
Node_168	4.0440925957188406e-12	2.3872963497085215e-12	2.4257417016725615e-12	1.1931325480484005e-12	2.4392727911370683e-12	1.2089356380325129e-12	1.193138472418251e-12	1.1931322705914558e-12	1.1931323248436739e-12	0.9999999999756898	7.0322350163745934e-12
Node_230	1.3260739986487303e-06	8.739062393941018e-07	4.2317484066937916e-05	4.369229988606888e-07	8.871348443401982e-07	4.381654347671855e-07	4.3692341074444964e-07	4.369228998840342e-07	4.369229264105203e-07	0.9999498352071285	2.5743360516072003e-06
ERR5413429	0.0	0.0	0.0	0.0	0.0	0.0	0.0	0.0	0.0	1.0	0.0
ERR5414326	0.0	0.0	0.0	0.0	0.0	0.0	0.0	0.0	0.0	1.0	0.0
Node_25	2.462186968161385e-15	1.6247916829288964e-15	1.6515616020852683e-15	8.123432196472398e-16	1.6492631549945836e-15	8.145564123348124e-16	8.123439480037541e-16	8.123430356821902e-16	8.123430851430341e-16	0.9999999999999839	4.786273454845364e-15
Node_26	3.673672614852992e-12	2.4242483562789925e-12	2.4641900504631794e-12	1.2120456644720444e-12	2.4607606837079643e-12	1.2153478285533529e-12	1.2120467512064864e-12	1.2120453899894916e-12	1.2120454637868718e-12	0.9999999999757724	7.141294282535062e-12
Node_31	2.4979292450025398e-11	1.6483779316140712e-11	1.675536455646464e-11	8.241355801065059e-12	1.6732046432048604e-11	8.263809005515416e-12	8.241363190361899e-12	8.241353934709322e-12	8.241354436497734e-12	0.9999999998352627	4.855753276269446e-11
Node_56	2.7814307222305368e-14	1.835459923458938e-14	1.865700793277513e-14	9.176705170402892e-15	1.8631043327186198e-14	9.201706692281667e-15	9.176713398344937e-15	9.176703092225786e-15	9.17670365096447e-15	0.9999999999998166	5.4068550457175533e-14
ERR5414282	0.0	0.0	0.0	0.0	0.0	0.0	0.0	0.0	0.0	1.0	0.0
Node_83	2.4621932427765566e-15	1.6247958235334388e-15	1.6515658109100324e-15	8.1234528981541e-16	1.6492673579620058e-15	8.14558488143063e-16	8.123460181737806e-16	8.123451058498917e-16	8.123451553108616e-16	0.9999999999999839	4.786285652141681e-15
ERR5414335	0.0	0.0	0.0	0.0	0.0	0.0	0.0	0.0	0.0	1.0	0.0
ERR5412360	0.0	0.0	0.0	0.0	0.0	0.0	0.0	0.0	0.0	1.0	0.0
ERR5413035	0.0	0.0	0.0	0.0	0.0	0.0	0.0	0.0	0.0	1.0	0.0
Node_93	5.393937421335844e-09	3.5594472612166705e-09	3.618092388727632e-09	1.7796083514712622e-09	3.613057157880551e-09	1.7844568146515469e-09	1.779609947089098e-09	1.7796079484572029e-09	1.7796080568115503e-09	0.9999999644272379	1.0485336747645652e-08
ERR5413476	0.0	0.0	0.0	0.0	0.0	0.0	0.0	0.0	0.0	1.0	0.0
ERR5413894	0.0	0.0	0.0	0.0	0.0	0.0	0.0	0.0	0.0	1.0	0.0
ERR5413610	0.0	0.0	0.0	0.0	0.0	0.0	0.0	0.0	0.0	1.0	0.0
ERR5412897	0.0	0.0	0.0	0.0	0.0	0.0	0.0	0.0	0.0	1.0	0.0
ERR5413353	0.0	0.0	0.0	0.0	0.0	0.0	0.0	0.0	0.0	1.0	0.0
Node_101	2.794874428712975e-15	1.844331395350739e-15	1.8747184307287743e-15	9.221059656675278e-16	1.872109420494145e-15	9.246182020363653e-16	9.221067924386078e-16	9.221057568453556e-16	9.221058129892836e-16	0.9999999999999818	5.432988420763265e-15
ERR5414031	0.0	0.0	0.0	0.0	0.0	0.0	0.0	0.0	0.0	1.0	0.0
Node_108	2.8011759461428656e-15	1.8484897526332337e-15	1.8789453007255114e-15	9.24185009632854e-16	1.876330408035735e-15	9.26702910263779e-16	9.241858382680294e-16	9.241848003398567e-16	9.241848566103709e-16	0.9999999999999817	5.445238012687007e-15
Node_126	5.2914804668002485e-09	3.4918361456762833e-09	3.5493673186311006e-09	1.7458049834090538e-09	3.5444277311661497e-09	1.7505613508283335e-09	1.745806548718391e-09	1.7458045880501803e-09	1.7458046943463545e-09	0.9999999651029368	1.0286169500174538e-08
ERR5412877	0.0	0.0	0.0	0.0	0.0	0.0	0.0	0.0	0.0	1.0	0.0
ERR5412711	0.0	0.0	0.0	0.0	0.0	0.0	0.0	0.0	0.0	1.0	0.0
ERR5413676	0.0	0.0	0.0	0.0	0.0	0.0	0.0	0.0	0.0	1.0	0.0
ERR5413606	0.0	0.0	0.0	0.0	0.0	0.0	0.0	0.0	0.0	1.0	0.0
ERR5412294	0.0	0.0	0.0	0.0	0.0	0.0	0.0	0.0	0.0	1.0	0.0
Node_153	2.4621888756050702e-15	1.6247928726937732e-15	1.651562811234759e-15	8.123438143837371e-16	1.6492643666046067e-15	8.14557011767532e-16	8.123445427419743e-16	8.123436304185463e-16	8.123436798794264e-16	0.9999999999999839	4.786276959576253e-15
ERR5413735	0.0	0.0	0.0	0.0	0.0	0.0	0.0	0.0	0.0	1.0	0.0
Node_163	6.410529097338007e-14	4.214138973145462e-14	4.283519706455397e-14	2.1069078403944958e-14	4.2785291337424734e-14	2.1133686611820058e-14	2.1069100081783564e-14	2.106907362842767e-14	2.1069074900693145e-14	0.9999999999995784	1.2413900448758187e-13
ERR5413043	0.0	0.0	0.0	0.0	0.0	0.0	0.0	0.0	0.0	1.0	0.0
ERR340550	0.0	0.0	0.0	0.0	0.0	0.0	0.0	0.0	0.0	1.0	0.0
ERR374180	0.0	0.0	0.0	0.0	0.0	0.0	0.0	0.0	0.0	1.0	0.0
SRR28858254	0.0	0.0	1.0	0.0	0.0	0.0	0.0	0.0	0.0	0.0	0.0
Node_229	2.864849698860857e-09	1.887969815105039e-09	3.679731230002102e-06	9.439198360990335e-10	1.9165485956647033e-09	9.46603941286588e-10	9.43920725913443e-10	9.439196222718424e-10	9.439196795791866e-10	0.9999963033112951	5.56582299220539e-09
ERR5414144	0.0	0.0	0.0	0.0	0.0	0.0	0.0	0.0	0.0	1.0	0.0
Node_24	2.46213010170622e-15	1.6247541568821e-15	1.651523457762757e-15	8.12324457839197e-16	1.6492250637568056e-15	8.14537599411058e-16	8.123251861788827e-16	8.1232427387838965e-16	8.123243233380913e-16	0.9999999999999839	4.786162911491693e-15
ERR5413962	0.0	0.0	0.0	0.0	0.0	0.0	0.0	0.0	0.0	1.0	0.0
ERR5413511	0.0	0.0	0.0	0.0	0.0	0.0	0.0	0.0	0.0	1.0	0.0
Node_28	1.0998162840374548e-08	7.257663102604374e-09	7.377239696060727e-09	3.6285964987565992e-09	7.366972930900266e-09	3.6384824472608224e-09	3.6285997521990137e-09	3.6285956770165773e-09	3.628595897949574e-09	0.9999999274676364	2.1379454743138362e-08
Node_30	1.1021542306031059e-08	7.273091159791432e-09	7.3929219445068726e-09	3.636310027684594e-09	7.382633354657419e-09	3.6462169913526267e-09	3.6363132880430344e-09	3.6363092041977497e-09	3.6363094256003963e-09	0.99999992731345	2.142490235426913e-08
Node_37	2.473840806444747e-13	1.632482024792392e-13	1.65937864931791e-13	8.161881415133645e-14	1.657069323390222e-13	8.184118095182009e-14	8.161888733172745e-14	8.161879566775788e-14	8.16188006372527e-14	0.9999999999983685	4.80892748459371e-13
Node_55	1.1314781682336212e-09	7.466599169495364e-10	7.589618174479476e-10	3.7330577654296923e-10	7.579055846201523e-10	3.7432283139723513e-10	3.7330611125333105e-10	3.7330569200331404e-10	3.7330571473264304e-10	0.9999999925379549	2.1994933737293154e-09
SRR6044934	0.0	0.0	0.0	0.0	0.0	0.0	0.0	0.0	0.0	1.0	0.0
Node_82	2.8249725721786454e-15	1.8641930930231704e-15	1.8949073679154066e-15	9.320361712467431e-16	1.892270261118177e-15	9.345754620155466e-16	9.320370069213624e-16	9.320359601757545e-16	9.320360169242992e-16	0.9999999999999816	5.491496546658123e-15
ERR5412085	0.0	0.0	0.0	0.0	0.0	0.0	0.0	0.0	0.0	1.0	0.0
Node_92	1.230223106011845e-13	8.118214809201216e-14	8.25196977386513e-14	4.058844481531649e-14	8.24048566337527e-14	4.0699026213784913e-14	4.058848120739462e-14	4.058843562356681e-14	4.058843809486057e-14	0.9999999999991888	2.391444789523378e-13
Node_100	2.4621375374550474e-15	1.624759063716149e-15	1.6515284454413552e-15	8.123269110972982e-16	1.6492300444941457e-15	8.145400593529576e-16	8.123276394391903e-16	8.12326727135942e-16	8.12326776595793e-16	0.9999999999999839	4.786177365929025e-15
ERR5413587	0.0	0.0	0.0	0.0	0.0	0.0	0.0	0.0	0.0	1.0	0.0
ERR5413560	0.0	0.0	0.0	0.0	0.0	0.0	0.0	0.0	0.0	1.0	0.0
Node_107	1.1143469137946005e-11	7.353550403944286e-12	7.474706827807215e-12	3.676537043942898e-12	7.46430441948021e-12	3.686553604313467e-12	3.676540340369355e-12	3.676536211346124e-12	3.676536435198088e-12	0.9999999999265093	2.1661917319653208e-11
ERR5413027	0.0	0.0	0.0	0.0	0.0	0.0	0.0	0.0	0.0	1.0	0.0
ERR5413320	0.0	0.0	0.0	0.0	0.0	0.0	0.0	0.0	0.0	1.0	0.0
ERR5412483	0.0	0.0	0.0	0.0	0.0	0.0	0.0	0.0	0.0	1.0	0.0
Node_152	2.4621851329489226e-15	1.6247904718747483e-15	1.6515603710779028e-15	8.123426141593945e-16	1.6492619257004822e-15	8.145558051974024e-16	8.123433425153594e-16	8.123424301944754e-16	8.123424796552825e-16	0.9999999999999839	4.786269887350292e-15
ERR5413534	0.0	0.0	0.0	0.0	0.0	0.0	0.0	0.0	0.0	1.0	0.0
Node_162	1.2271115955202248e-12	8.0976642335736e-13	8.231080552640968e-13	4.0485698315788853e-13	8.219626582100828e-13	4.0596007720707243e-13	4.048573461881174e-13	4.048568914730273e-13	4.0485691612328695e-13	0.9999999999919073	2.385391047564175e-12
ERR490671	0.0	0.0	0.0	0.0	0.0	0.0	0.0	0.0	0.0	1.0	0.0
Node_228	1.3391509249861447e-08	8.834450030879538e-09	3.993645177451506e-06	4.4169350108864e-09	8.967650314660298e-09	4.4290800096177665e-09	4.4169390141905766e-09	4.416934010553137e-09	4.416934279322411e-09	0.9999959270198007	2.604459010160613e-08
ERR5413063	0.0	0.0	0.0	0.0	0.0	0.0	0.0	0.0	0.0	1.0	0.0
ERR5412744	0.0	0.0	0.0	0.0	0.0	0.0	0.0	0.0	0.0	1.0	0.0
ERR5413417	0.0	0.0	0.0	0.0	0.0	0.0	0.0	0.0	0.0	1.0	0.0
ERR5413469	0.0	0.0	0.0	0.0	0.0	0.0	0.0	0.0	0.0	1.0	0.0
Node_29	3.657532018119438e-12	2.4135972125318656e-12	2.4533634194458816e-12	1.2067204375550444e-12	2.4499491199085846e-12	1.2100080932943181e-12	1.2067215195148153e-12	1.2067201642784446e-12	1.2067202377515896e-12	0.9999999999758789	7.109918391633948e-12
ERR5414237	0.0	0.0	0.0	0.0	0.0	0.0	0.0	0.0	0.0	1.0	0.0
ERR5412027	0.0	0.0	0.0	0.0	0.0	0.0	0.0	0.0	0.0	1.0	0.0
Node_36	1.095541994049271e-08	7.229457158405047e-09	7.348569033304628e-09	3.6144944401574513e-09	7.33834216856406e-09	3.6243419682351645e-09	3.614497680955794e-09	3.6144936216110132e-09	3.6144938416853827e-09	0.9999999277495237	2.1296366330384594e-08
Node_47	5.470203068963812e-09	3.609774791806941e-09	3.6692491111087007e-09	1.8047704868182989e-09	3.6641426864172135e-09	1.8096875031084101e-09	1.8047721049968018e-09	1.8047700781059662e-09	1.804770187992351e-09	0.9999999639242696	1.0633590413788202e-08
Node_54	3.507253501380814e-08	2.314428754865087e-08	2.3525610713410178e-08	1.1571394204715052e-08	2.3492870565278626e-08	1.160291994952274e-08	1.1571404579763562e-08	1.157139158423142e-08	1.1571392288774566e-08	0.9999997686982908	6.817790261317053e-08
Node_74	2.4621932427765566e-15	1.6247958235334388e-15	1.6515658109100324e-15	8.1234528981541e-16	1.6492673579620058e-15	8.14558488143063e-16	8.123460181737806e-16	8.123451058498917e-16	8.123451553108616e-16	0.9999999999999839	4.786285652141681e-15
Node_81	1.623097271770282e-11	1.0710782657282268e-11	1.0887252532681957e-11	5.355044440573529e-12	1.0872100948945876e-11	5.369634019104941e-12	5.355049241969551e-12	5.355043227858273e-12	5.3550435539089016e-12	0.9999999998929574	3.155157381206981e-11
ERR5413056	0.0	0.0	0.0	0.0	0.0	0.0	0.0	0.0	0.0	1.0	0.0
Node_91	2.4648246871784974e-15	1.6265323078190152e-15	1.6533309053518702e-15	8.132134757190206e-16	1.6510299959552442e-15	8.1542903938024375e-16	8.132142048558103e-16	8.132132915568843e-16	8.132133410707152e-16	0.9999999999999839	4.791400947061105e-15
ERR5413770	0.0	0.0	0.0	0.0	0.0	0.0	0.0	0.0	0.0	1.0	0.0
ERR5414008	0.0	0.0	0.0	0.0	0.0	0.0	0.0	0.0	0.0	1.0	0.0
ERR5413536	0.0	0.0	0.0	0.0	0.0	0.0	0.0	0.0	0.0	1.0	0.0
Node_106	1.6611975489513157e-08	1.0962205535729456e-08	1.1142817831478005e-08	5.480747737012511e-09	1.1127310582342171e-08	5.495679788540233e-09	5.480752651115569e-09	5.480746495830206e-09	5.4807468295344415e-09	0.9999998904448074	3.2292209465056014e-08
ERR5412832	0.0	0.0	0.0	0.0	0.0	0.0	0.0	0.0	0.0	1.0	0.0
Node_151	2.4621301016652026e-15	1.6247541568550323e-15	1.6515234577352435e-15	8.123244578256575e-16	1.6492250637293303e-15	8.145375993974882e-16	8.123251861653498e-16	8.123242738648567e-16	8.123243233245584e-16	0.9999999999999839	4.786162911411958e-15
Node_159	5.4222943609811597e-08	3.578159942198162e-08	3.637113378128854e-08	1.788964085917713e-08	3.632051676140715e-08	1.793838038385038e-08	1.7889656899240107e-08	1.7889636807849335e-08	1.7889637897089197e-08	0.9999996424022524	1.0540460126963406e-07
Node_161	1.1033728296928781e-12	7.28113249348699e-13	7.401095765929673e-13	3.6403304338274555e-13	7.390795811212112e-13	3.650248358695534e-13	3.640333697793647e-13	3.6403296094301113e-13	3.6403298310775766e-13	0.9999999999927234	2.1448590327444143e-12
Node_172	1.0536701668614377e-08	6.9531458790110816e-09	7.108927538872146e-09	3.4763477492607834e-09	7.057869284061289e-09	3.4858189040227414e-09	3.4763508661956146e-09	3.4763469619993232e-09	3.476347173662435e-09	0.9999999304697287	2.0482415215934712e-08
Node_227	1.7394194569160335e-07	1.1478033139722159e-07	8.785411141145836e-06	5.738644444842658e-08	1.165092140720303e-07	5.754290240532831e-08	5.738649594478015e-08	5.7386431452500145e-08	5.738643494640467e-08	0.9999901838877888	3.383808696507636e-07
ERR5413965	0.0	0.0	0.0	0.0	0.0	0.0	0.0	0.0	0.0	1.0	0.0
SRR6388757	0.0	0.0	0.0	0.0	0.0	0.0	0.0	0.0	0.0	1.0	0.0
ERR5413554	0.0	0.0	0.0	0.0	0.0	0.0	0.0	0.0	0.0	1.0	0.0
Node_35	1.0949280144071276e-08	7.225405520454954e-09	7.344450640938253e-09	3.6124687524020275e-09	7.334229507686561e-09	3.6223107615842702e-09	3.6124719913841e-09	3.6124679343143314e-09	3.6124681542653637e-09	0.9999999277900156	2.1284431109781904e-08
Node_38	3.65938729432476e-12	2.4148215051574554e-12	2.4546078834047905e-12	1.2073325442169084e-12	2.4511918519705046e-12	1.2106218676133438e-12	1.2073336267255013e-12	1.2073322708016894e-12	1.2073323443121036e-12	0.9999999999758665	7.113524884303986e-12
Node_46	3.144160879706143e-11	2.0748247445041706e-11	2.1090093672207847e-11	1.0373451753002594e-11	2.1060742987146106e-11	1.0401713757299993e-11	1.0373461053961819e-11	1.0373449403807674e-11	1.0373450035412316e-11	0.9999999997926441	6.111970354362831e-11
ERR5412008	0.0	0.0	0.0	0.0	0.0	0.0	0.0	0.0	0.0	1.0	0.0
Node_53	3.7931638735902675e-12	2.503100371129842e-12	2.544341223898512e-12	1.2514691181323687e-12	2.54080031226894e-12	1.2548786896459562e-12	1.251470240214334e-12	1.2514688347218827e-12	1.2514689109196243e-12	0.9999999999749843	7.373574709316524e-12
Node_73	2.4621851342766043e-15	1.6247904727524243e-15	1.6515603719700392e-15	8.123426145982041e-16	1.6492619265912827e-15	8.145558056373411e-16	8.123433429541694e-16	8.123424306332849e-16	8.12342480094092e-16	0.9999999999999839	4.7862698899357295e-15
ERR5414134	0.0	0.0	0.0	0.0	0.0	0.0	0.0	0.0	0.0	1.0	0.0
Node_76	3.9046731242397643e-10	2.576685076665112e-10	2.619138304311746e-10	1.2882590877262267e-10	2.615493298997971e-10	1.2917688918628187e-10	1.288260242794518e-10	1.288258795984213e-10	1.2882588744219614e-10	0.9999999974248868	7.590338819132249e-10
Node_80	1.6552851375780193e-08	1.0923189665084345e-08	1.1103159138916732e-08	5.461241065289489e-09	1.108770708203435e-08	5.476119971764513e-09	5.461245961902636e-09	5.461239828524708e-09	5.461240161041249e-09	0.9999998908347284	3.217727742302971e-08
SRR6046621	0.0	0.0	0.0	0.0	0.0	0.0	0.0	0.0	0.0	1.0	0.0
ERR5413281	0.0	0.0	0.0	0.0	0.0	0.0	0.0	0.0	0.0	1.0	0.0
ERR5413935	0.0	0.0	0.0	0.0	0.0	0.0	0.0	0.0	0.0	1.0	0.0
Node_105	3.737572726002036e-13	2.466415896955535e-13	2.5070523396830545e-13	1.2331280691382477e-13	2.503563322289417e-13	1.2364876712860226e-13	1.2331291747754224e-13	1.2331277898813267e-13	1.2331278649623435e-13	0.9999999999975351	7.265510440653517e-13
ERR5412395	0.0	0.0	0.0	0.0	0.0	0.0	0.0	0.0	0.0	1.0	0.0
ERR5412086	0.0	0.0	0.0	0.0	0.0	0.0	0.0	0.0	0.0	1.0	0.0
ERR5412382	0.0	0.0	0.0	0.0	0.0	0.0	0.0	0.0	0.0	1.0	0.0
Node_158	2.134387819118686e-08	1.408477756357561e-08	1.4316837070448903e-08	7.0419326207930685e-09	1.4296912598681857e-08	7.061118050554472e-09	7.041938934672906e-09	7.041931026061367e-09	7.041931454820882e-09	0.9999998592381333	4.149060933671313e-08
ERR5412916	0.0	0.0	0.0	0.0	0.0	0.0	0.0	0.0	0.0	1.0	0.0
Node_160	4.871794120403565e-08	3.2148860627266974e-08	3.267854231446628e-08	1.6073389114638527e-08	3.2633064204286386e-08	1.6117180342771217e-08	1.6073403526228768e-08	1.607338547462313e-08	1.6073386453277557e-08	0.9999996787074826	9.470336403152608e-08
Node_171	2.7743134748351795e-12	1.8307632608468452e-12	1.871667896414792e-12	9.153223378336803e-13	1.85833693265309e-12	9.178160928124816e-13	9.153231585225994e-13	9.153221305477435e-13	9.153221862786394e-13	0.9999999999816926	5.3930197811542216e-12
ERR494836	0.0	0.0	0.0	0.0	0.0	0.0	0.0	0.0	0.0	1.0	0.0
Node_173	0.00016047030991303652	0.00010589399921038476	0.9936095073896695	5.2943570036492785e-05	0.00010748890031180846	5.308781242031559e-05	5.294361750632229e-05	5.294355804677434e-05	5.294356127032966e-05	0.005439837206593763	0.0003119400750211756
Node_226	3.62290243906747e-08	2.2406548494450032e-08	2.399142337256507e-08	1.1202548570083851e-08	2.2744020223077937e-08	1.1233069427083294e-08	1.1202558614427019e-08	1.1202546033129732e-08	1.1202546715215202e-08	0.9999994055875001	4.329982140501104e-07
ERR5413127	0.0	0.0	0.0	0.0	0.0	0.0	0.0	0.0	0.0	1.0	0.0
Node_34	7.366138195435585e-12	4.8608981486836186e-12	4.940985861979301e-12	2.4302916453639676e-12	4.934109585269282e-12	2.4369128660107334e-12	2.4302938243921284e-12	2.430291094994725e-12	2.4302912429670015e-12	0.9999999999514206	1.431912042644886e-11
ERR5412991	0.0	0.0	0.0	0.0	0.0	0.0	0.0	0.0	0.0	1.0	0.0
ERR5412919	0.0	0.0	0.0	0.0	0.0	0.0	0.0	0.0	0.0	1.0	0.0
Node_41	2.7833502045668694e-08	1.8367265855670275e-08	1.8669883247946327e-08	9.18303807071187e-09	1.864390072402451e-08	9.208056846293693e-09	9.183046304332104e-09	9.183035991100675e-09	9.183036550224875e-09	0.9999998164393707	5.4105863494212246e-08
Node_45	5.113801685188271e-14	3.374586314396036e-14	3.4301856898555015e-14	1.687183865117049e-14	3.425411965212471e-14	1.6917805219273045e-14	1.6871853778659936e-14	1.6871834830336305e-14	1.6871835857605762e-14	0.9999999999996628	9.940777680842561e-14
Node_49	4.159384881539573e-12	2.744768796608596e-12	2.7899913562512526e-12	1.3722955040027122e-12	2.786108577971766e-12	1.3760342615884005e-12	1.3722967344190396e-12	1.3722951932296137e-12	1.3722952767840672e-12	0.999999999972569	8.085475922189642e-12
Node_52	4.809358816130106e-14	3.173685144838593e-14	3.2259744910038544e-14	1.5867397868860477e-14	3.22148496322959e-14	1.591062788307702e-14	1.5867412095756473e-14	1.586739427549419e-14	1.5867395241606627e-14	0.9999999999996828	9.348967699905912e-14
ERR5413135	0.0	0.0	0.0	0.0	0.0	0.0	0.0	0.0	0.0	1.0	0.0
Node_72	2.4621851353254244e-15	1.6247904734445383e-15	1.6515603726735564e-15	8.123426149442387e-16	1.6492619272938209e-15	8.145558059843184e-16	8.123433433002042e-16	8.123424309793194e-16	8.123424804401266e-16	0.9999999999999839	4.786269891974543e-15
Node_75	7.336364927969517e-11	4.84125083595797e-11	4.9210148419262257e-11	2.4204686253149196e-11	4.914166358507688e-11	2.4270630835838915e-11	2.420470795535625e-11	2.4204680771702195e-11	2.420468224544386e-11	0.9999999995161702	1.426124383073155e-10
ERR5412222	0.0	0.0	0.0	0.0	0.0	0.0	0.0	0.0	0.0	1.0	0.0
ERR5412970	0.0	0.0	0.0	0.0	0.0	0.0	0.0	0.0	0.0	1.0	0.0
Node_79	3.7243578659410876e-13	2.457695440306326e-13	2.49818820558771e-13	1.2287681232414135e-13	2.4947115242420874e-13	1.2321158469120228e-13	1.2287692249693992e-13	1.2287678449718455e-13	1.2287679197873998e-13	0.9999999999975439	7.239821922788262e-13
Node_104	2.4704287523174122e-15	1.630230417891907e-15	1.6570899451480758e-15	8.150624109854836e-16	1.6547838043667572e-15	8.172830119879593e-16	8.150631417800504e-16	8.150622264046334e-16	8.150622760310397e-16	0.9999999999999839	4.80229475348623e-15
ERR5412739	0.0	0.0	0.0	0.0	0.0	0.0	0.0	0.0	0.0	1.0	0.0
Node_156	7.2488030595753795e-12	4.78346895450534e-12	4.8622809514798026e-12	2.3915795559593382e-12	4.855514206907327e-12	2.398095307253822e-12	2.3915817002777634e-12	2.3915790143569014e-12	2.3915791599721293e-12	0.9999999999521945	1.4091031311629223e-11
Node_157	4.795095627723991e-13	3.1642728986550264e-13	3.216407169513059e-13	1.5820339686268798e-13	3.2119309563994274e-13	1.5863441492576316e-13	1.5820353870971875e-13	1.582033610355941e-13	1.5820337066806637e-13	0.9999999999968376	9.321241324560572e-13
ERR5412882	0.0	0.0	0.0	0.0	0.0	0.0	0.0	0.0	0.0	1.0	0.0
ERR5413896	0.0	0.0	0.0	0.0	0.0	0.0	0.0	0.0	0.0	1.0	0.0
Node_169	4.134651774347002e-11	2.7284474743922686e-11	2.7734040971926786e-11	1.3641353714900867e-11	2.7695414354544704e-11	1.3678518971606224e-11	1.3641365945899432e-11	1.36413506256495e-11	1.3641351456225604e-11	0.9999999997273217	8.03739695177874e-11
Node_170	2.5240825129113804e-15	1.6656364145590816e-15	1.6933193505658418e-15	8.327642626315893e-16	1.6907230613167051e-15	8.350330915420736e-16	8.327650092978586e-16	8.32764074041945e-16	8.327641247461576e-16	0.9999999999999835	4.906592914139918e-15
SRR28858253	0.0	0.0	1.0	0.0	0.0	0.0	0.0	0.0	0.0	0.0	0.0
SRR28858251	0.0	0.0	1.0	0.0	0.0	0.0	0.0	0.0	0.0	0.0	0.0
Node_178	1.0745188989376953e-06	7.075720041672008e-07	7.204453710412156e-07	3.5376308608400755e-07	7.182289571468903e-07	3.547268977697321e-07	3.53763403272167e-07	3.5376300597003347e-07	3.5376302750947394e-07	0.9999816524871376	1.3356968210539436e-05
Node_225	2.3766223941099156e-09	6.241469908687818e-11	6.681819162110518e-11	3.120532812901657e-11	6.335474553775097e-11	3.129034568996449e-11	3.1205356108098505e-11	3.12053210621884e-11	3.1205322962175786e-11	0.9999999856718583	1.1602819838783682e-08
ERR5412575	0.0	0.0	0.0	0.0	0.0	0.0	0.0	0.0	0.0	1.0	0.0
Node_33	2.6267710447150284e-15	1.7334003475773745e-15	1.7619596931586036e-15	8.666440344834544e-16	1.7595076071295203e-15	8.690051673069355e-16	8.666448115267129e-16	8.666438382213146e-16	8.666438909883524e-16	0.9999999999999828	5.106210326774787e-15
ERR5412887	0.0	0.0	0.0	0.0	0.0	0.0	0.0	0.0	0.0	1.0	0.0
Node_40	1.8689990747959405e-11	1.233348316516312e-11	1.2536688505710361e-11	6.166342140423284e-12	1.251924143308141e-11	6.183142063170397e-12	6.166347669238345e-12	6.1663407439796985e-12	6.166341119427513e-12	0.9999999998767404	3.633168713221789e-11
Node_43	1.6699020849394972e-09	1.101964657436802e-09	1.1201205263415331e-09	5.509466395999893e-10	1.1185616757593206e-09	5.524476690226695e-10	5.509471335852417e-10	5.509465148313874e-10	5.509465483766692e-10	0.9999999889870749	3.246141793734406e-09
Node_44	2.463218033437731e-15	1.6254720806026828e-15	1.6522532099288954e-15	8.126833964482304e-16	1.6499538003406363e-15	8.148975159322417e-16	8.126841251097447e-16	8.12683212406137e-16	8.126832618876932e-16	0.9999999999999839	4.788277754448198e-15
ERR5412096	0.0	0.0	0.0	0.0	0.0	0.0	0.0	0.0	0.0	1.0	0.0
Node_48	2.4528257917740367e-05	1.6186142635317207e-05	1.6452824040911154e-05	8.092547100155547e-06	1.6429926956416988e-05	8.114594881970788e-06	8.092554356028716e-06	8.092545267499358e-06	8.092545760227243e-06	0.9998382372995154	4.768076156821994e-05
Node_51	6.804379037176411e-11	4.490194534396266e-11	4.564174568849355e-11	2.2449518441272856e-11	4.5578226932996306e-11	2.251068114793683e-11	2.244953856977594e-11	2.2449513357305054e-11	2.2449514724180656e-11	0.9999999995512544	1.32271103630539e-10
ERR5413929	0.0	0.0	0.0	0.0	0.0	0.0	0.0	0.0	0.0	1.0	0.0
ERR5413592	0.0	0.0	0.0	0.0	0.0	0.0	0.0	0.0	0.0	1.0	0.0
Node_71	2.46224016898584e-15	1.624826790034172e-15	1.6515972876119993e-15	8.123607720628771e-16	1.649298790858441e-15	8.145740125712127e-16	8.123615004351225e-16	8.12360588093846e-16	8.123606375557586e-16	0.9999999999999839	4.7863768725375045e-15
ERR5412371	0.0	0.0	0.0	0.0	0.0	0.0	0.0	0.0	0.0	1.0	0.0
ERR5414293	0.0	0.0	0.0	0.0	0.0	0.0	0.0	0.0	0.0	1.0	0.0
Node_78	2.4704544323933556e-15	1.630247364116686e-15	1.657107170577304e-15	8.150708835490389e-16	1.654801005823681e-15	8.172915076346341e-16	8.150716143512023e-16	8.150706989662698e-16	8.15070748593192e-16	0.9999999999999839	4.802344673280053e-15
ERR5412351	0.0	0.0	0.0	0.0	0.0	0.0	0.0	0.0	0.0	1.0	0.0
ERR5414334	0.0	0.0	0.0	0.0	0.0	0.0	0.0	0.0	0.0	1.0	0.0
ERR5412891	0.0	0.0	0.0	0.0	0.0	0.0	0.0	0.0	0.0	1.0	0.0
ERR5413097	0.0	0.0	0.0	0.0	0.0	0.0	0.0	0.0	0.0	1.0	0.0
ERR5412808	0.0	0.0	0.0	0.0	0.0	0.0	0.0	0.0	0.0	1.0	0.0
ERR5413712	0.0	0.0	0.0	0.0	0.0	0.0	0.0	0.0	0.0	1.0	0.0
ERR5411952	0.0	0.0	0.0	0.0	0.0	0.0	0.0	0.0	0.0	1.0	0.0
ERR490688	0.0	0.0	0.0	0.0	0.0	0.0	0.0	0.0	0.0	1.0	0.0
ERR490701	0.0	0.0	0.0	0.0	0.0	0.0	0.0	0.0	0.0	1.0	0.0
ERR490675	0.0	0.0	0.0	0.0	0.0	0.0	0.0	0.0	0.0	1.0	0.0
ERR490683	0.0	0.0	0.0	0.0	0.0	0.0	0.0	0.0	0.0	1.0	0.0
Node_177	1.309124098798453e-07	8.638879114816502e-08	8.781213780091427e-08	4.3191597716840616e-08	8.768991849364721e-08	4.330927128869981e-08	4.319163644293633e-08	4.3191587935575476e-08	4.3191590565366106e-08	0.9999991365199711	2.5460108772542796e-07
SRR30795495	0.0	0.0	0.0	0.0	0.0	0.0	0.0	0.0	0.0	0.0	1.0
Node_189	3.131892069797226e-07	8.153426153028491e-09	8.291105852789284e-09	4.076449013060734e-09	8.276227335807006e-09	4.087555115707448e-09	4.076452668052978e-09	4.076448089899004e-09	4.076448338100262e-09	0.999999606362931	3.533374950964386e-08
Node_224	2.4522347354537516e-10	1.4037319209148118e-11	1.459982270115814e-11	7.0182049804556945e-12	1.4248739465246782e-11	7.037325769571983e-12	7.018211273062627e-12	7.018203391097351e-12	7.018203818412226e-12	0.9999999869991141	1.2677666571429735e-08
ERR5413796	0.0	0.0	0.0	0.0	0.0	0.0	0.0	0.0	0.0	1.0	0.0
Node_32	2.462133780251395e-15	1.6247565843458476e-15	1.6515259252211755e-15	8.123256714924465e-16	1.6492275277813088e-15	8.14538816370858e-16	8.12326399833227e-16	8.123254875313709e-16	8.123255369911464e-16	0.9999999999999839	4.786170062257801e-15
ERR5412568	0.0	0.0	0.0	0.0	0.0	0.0	0.0	0.0	0.0	1.0	0.0
Node_39	2.879806705345189e-15	1.9003780150708025e-15	1.9316884694290417e-15	9.50127460356408e-16	1.9290001750674736e-15	9.527160400314325e-16	9.501283122518981e-16	9.501272451884333e-16	9.501273030384958e-16	0.9999999999999812	5.5980892463142615e-15
ERR5412786	0.0	0.0	0.0	0.0	0.0	0.0	0.0	0.0	0.0	1.0	0.0
Node_42	5.1668384966753815e-08	3.4095851878803166e-08	3.465761201578123e-08	1.7046821683573667e-08	3.460937967167312e-08	1.7093264985104226e-08	1.704683696795503e-08	1.7046817823112573e-08	1.7046818861036022e-08	0.9999996592494457	1.0043876546295479e-07
ERR5412310	0.0	0.0	0.0	0.0	0.0	0.0	0.0	0.0	0.0	1.0	0.0
ERR5412397	0.0	0.0	0.0	0.0	0.0	0.0	0.0	0.0	0.0	1.0	0.0
ERR5414104	0.0	0.0	0.0	0.0	0.0	0.0	0.0	0.0	0.0	1.0	0.0
ERR5413658	0.0	0.0	0.0	0.0	0.0	0.0	0.0	0.0	0.0	1.0	0.0
ERR5412687	0.0	0.0	0.0	0.0	0.0	0.0	0.0	0.0	0.0	1.0	0.0
Node_50	3.6095548275844928e-12	2.3819371716172298e-12	2.4211817505929215e-12	1.1908914424654012e-12	2.417812237676393e-12	1.1941359728171185e-12	1.1908925102327182e-12	1.1908911727734805e-12	1.1908912452828512e-12	0.9999999999761952	7.016654981314243e-12
Node_60	2.4621851340953895e-15	1.624790472632841e-15	1.6515603718484858e-15	8.123426145384096e-16	1.6492619264698985e-15	8.145558055773904e-16	8.123433428943815e-16	8.123424305734971e-16	8.123424800343043e-16	0.9999999999999839	4.7862698895834645e-15
Node_70	2.462240179367619e-15	1.6248267968850849e-15	1.6515972945757872e-15	8.12360775488105e-16	1.6492987978125376e-15	8.145740160057791e-16	8.123615038603602e-16	8.123605915190797e-16	8.123606409809926e-16	0.9999999999999839	4.786376892718764e-15
Node_77	2.462130286488616e-15	1.6247542788195902e-15	1.6515235817092784e-15	8.12324518803993e-16	1.6492251875308329e-15	8.145376605419499e-16	8.123252471437335e-16	8.123243348431719e-16	8.123243843028772e-16	0.9999999999999839	4.786163270692309e-15
ERR5414158	0.0	0.0	0.0	0.0	0.0	0.0	0.0	0.0	0.0	1.0	0.0
ERR5412079	0.0	0.0	0.0	0.0	0.0	0.0	0.0	0.0	0.0	1.0	0.0
Node_176	1.3887526292105088e-11	9.164347593222581e-12	9.315338545995926e-12	4.581876992640079e-12	9.302374565224017e-12	4.5943601111178465e-12	4.581881100805045e-12	4.5818759550180394e-12	4.581876233993105e-12	0.9999999999084124	2.699612187020645e-11
Node_187	4.987461044504198e-06	1.2974778356678057e-07	1.3188883826976953e-07	6.486968966676039e-08	1.317019536272187e-07	6.504642422843011e-08	6.486974782968892e-08	6.486967497622589e-08	6.48696789259229e-08	0.9999939011600768	3.9351508759247457e-07
ERR5414313	0.0	0.0	0.0	0.0	0.0	0.0	0.0	0.0	0.0	1.0	0.0
Node_202	1.8416209228401276e-07	1.2138047230856543e-07	1.233806568613041e-07	6.068630502816113e-08	1.2320861979887798e-07	6.085164214587091e-08	6.068635944021792e-08	6.068629128500572e-08	6.068629497999004e-08	0.9999960853767308	3.058894535061113e-06
Node_223	3.718986883789766e-10	1.4835678217624935e-10	1.5101862860552937e-10	7.417358628532312e-11	1.5059122791763908e-10	7.437566889901706e-11	7.417365279023565e-11	7.417356948780744e-11	7.417357400398742e-11	0.9999999800397207	1.8767344059105647e-08
ERR5413363	0.0	0.0	0.0	0.0	0.0	0.0	0.0	0.0	0.0	1.0	0.0
ERR5412142	0.0	0.0	0.0	0.0	0.0	0.0	0.0	0.0	0.0	1.0	0.0
ERR5412881	0.0	0.0	0.0	0.0	0.0	0.0	0.0	0.0	0.0	1.0	0.0
ERR5413472	0.0	0.0	0.0	0.0	0.0	0.0	0.0	0.0	0.0	1.0	0.0
ERR5414253	0.0	0.0	0.0	0.0	0.0	0.0	0.0	0.0	0.0	1.0	0.0
ERR5412690	0.0	0.0	0.0	0.0	0.0	0.0	0.0	0.0	0.0	1.0	0.0
ERR5413637	0.0	0.0	0.0	0.0	0.0	0.0	0.0	0.0	0.0	1.0	0.0
ERR5412461	0.0	0.0	0.0	0.0	0.0	0.0	0.0	0.0	0.0	1.0	0.0
Node_59	2.4621301016652227e-15	1.6247541568550455e-15	1.6515234577352569e-15	8.123244578256641e-16	1.6492250637293438e-15	8.145375993974948e-16	8.123251861653564e-16	8.123242738648633e-16	8.12324323324565e-16	0.9999999999999839	4.786162911411997e-15
ERR5412213	0.0	0.0	0.0	0.0	0.0	0.0	0.0	0.0	0.0	1.0	0.0
Node_67	2.4626496226006014e-15	1.6250969875603602e-15	1.6518719368879153e-15	8.124958620751356e-16	1.6495730579101469e-15	8.14709470630154e-16	8.124965905685045e-16	8.124956780755117e-16	8.124957275456496e-16	0.9999999999999839	4.787172814110044e-15
Node_69	2.462185134095611e-15	1.6247904726329872e-15	1.6515603718486343e-15	8.123426145384894e-16	1.6492619264700468e-15	8.145558055774637e-16	8.123433428944547e-16	8.123424305735703e-16	8.123424800343773e-16	0.9999999999999839	4.786269889583895e-15
ERR5412807	0.0	0.0	0.0	0.0	0.0	0.0	0.0	0.0	0.0	1.0	0.0
ERR5414172	0.0	0.0	0.0	0.0	0.0	0.0	0.0	0.0	0.0	1.0	0.0
ERR5413418	0.0	0.0	0.0	0.0	0.0	0.0	0.0	0.0	0.0	1.0	0.0
Node_175	2.7725309348725035e-15	1.8295869736508443e-15	1.8597310812865242e-15	9.147342323423436e-16	1.8571429286620946e-15	9.172263847541844e-16	9.147350525038406e-16	9.147340251895905e-16	9.147340808846785e-16	0.9999999999999819	5.389554656321749e-15
Node_183	0.22484945684554117	0.001092412802351256	0.0011104112963692518	0.0005461710214113162	0.0011088659573358682	0.0005476590398763147	0.0005461715111146929	0.0005461708977242137	0.0005461709309787241	0.7658885034920917	0.003218006205205472
Node_186	6.474117017230878e-08	4.2637124061725554e-08	4.3339609508272523e-08	2.1317181150487797e-08	4.327929450203511e-08	2.1375258854961365e-08	2.1317200263723734e-08	2.131717632295144e-08	2.1317177620882838e-08	0.999999573759056	1.2559975144720598e-07
Node_194	0.0009107689471600259	0.0006010143424372645	0.0006109165998887167	0.0003004877062821744	0.0006100663986771871	0.00030130637156818116	0.00030048797570299566	0.0003004876382330612	0.0003004876565287436	0.9564012916784962	0.039362684685025504
Node_200	2.6729128142213248e-11	1.7638491711097053e-11	1.7929101887832892e-11	8.818674601094008e-12	1.7904150294732145e-11	8.842700684735896e-12	8.818682508021623e-12	8.818672603997301e-12	8.818673140936711e-12	0.9999999998237176	5.196402260090395e-11
Node_213	4.7447343545422565e-09	3.0363778381189802e-09	3.0866170839747766e-09	1.5180905804716e-09	3.0821096302205433e-09	1.5222265502103967e-09	1.518091941609512e-09	1.5180902366814235e-09	1.5180903291128485e-09	0.9999998215417693	1.5691380224158673e-07
Node_222	2.315460672926691e-07	1.526997238776702e-07	1.5521580798458164e-07	7.634491648210879e-08	1.5499957995557716e-07	7.655291478480553e-08	7.63449849338613e-08	7.634489919286946e-08	7.63449038412538e-08	0.9999984554659233	4.681402785141001e-07
ERR5412236	0.0	0.0	0.0	0.0	0.0	0.0	0.0	0.0	0.0	1.0	0.0
ERR5412281	0.0	0.0	0.0	0.0	0.0	0.0	0.0	0.0	0.0	1.0	0.0
Node_66	2.3243634551810487e-14	1.533842254433743e-14	1.5591136991249176e-14	7.668714509613936e-15	1.5569439100348374e-14	7.689607578535135e-15	7.668721385473837e-15	7.668712772939818e-15	7.668713239862028e-15	0.9999999999998467	4.518356749021877e-14
ERR5413793	0.0	0.0	0.0	0.0	0.0	0.0	0.0	0.0	0.0	1.0	0.0
SRR6046559	0.0	0.0	0.0	0.0	0.0	0.0	0.0	0.0	0.0	1.0	0.0
Node_68	2.4621301016652227e-15	1.6247541568550455e-15	1.6515234577352569e-15	8.123244578256641e-16	1.6492250637293438e-15	8.145375993974948e-16	8.123251861653564e-16	8.123242738648633e-16	8.12324323324565e-16	0.9999999999999839	4.786162911411997e-15
ERR5413317	0.0	0.0	0.0	0.0	0.0	0.0	0.0	0.0	0.0	1.0	0.0
Node_174	2.4621370380656097e-15	1.624758734170174e-15	1.651528110465811e-15	8.123267463349903e-16	1.6492297099847805e-15	8.145398941417555e-16	8.123274746767279e-16	8.123265623736648e-16	8.123266118335057e-16	0.9999999999999839	4.786176395160331e-15
Node_179	1.0557720429878094e-09	2.7496290187286624e-11	2.794931655220839e-11	1.374725457655662e-11	2.7910420013465493e-11	1.3784708355411516e-11	1.3747266902507146e-11	1.3747251463322706e-11	1.3747252300346758e-11	0.9999999987111003	8.099793979655452e-11
Node_182	0.9999913963566686	5.052074591552553e-08	5.135312111058405e-08	2.5258736752035965e-08	5.128165393554988e-08	2.5327553048060487e-08	2.5258759399317123e-08	2.525873103188614e-08	2.5258732569805587e-08	8.175302441059661e-06	1.4882285643545436e-07
ERR5411972	0.0	0.0	0.0	0.0	0.0	0.0	0.0	0.0	0.0	1.0	0.0
Node_185	1.4494629716625484e-12	9.545880422954449e-13	9.703157495873405e-13	4.77263105087529e-13	9.689653774681373e-13	4.785633870233957e-13	4.772635330072596e-13	4.772629970054664e-13	4.772630260644102e-13	0.9999999999904572	2.8120100259887327e-12
Node_191	7.203061291812399e-08	4.753284048535641e-08	4.831598721795049e-08	2.37648808056725e-08	4.824874677067377e-08	2.3829627158135326e-08	2.3764902113544902e-08	2.3764875423824818e-08	2.3764876870788213e-08	3.1578503966628777e-06	0.9999965071322535
Node_193	1.7516834130419497e-09	1.1559319373559318e-09	1.1749769663089588e-09	5.779285317315904e-10	1.1733417729748893e-09	5.795030721098796e-10	5.779290499091253e-10	5.779284008526069e-10	5.779284360407296e-10	0.9999999626457705	2.920707798189828e-08
ERR5413948	0.0	0.0	0.0	0.0	0.0	0.0	0.0	0.0	0.0	1.0	0.0
Node_199	9.982489824596697e-12	6.58742272851771e-12	6.695956502916079e-12	3.293498018659974e-12	6.686637866667115e-12	3.3024710063763936e-12	3.2935009716491263e-12	3.293497272807072e-12	3.293497473337079e-12	0.9999999999341656	1.9405418016685977e-11
Node_205	4.923177070385199e-07	3.2478473215916897e-07	3.3013606777636037e-07	1.6238184733863613e-07	3.296764118642721e-07	1.628242494027324e-07	1.6238199293211616e-07	1.6238181056528237e-07	1.623818204521664e-07	0.9999821735683504	1.553716501006899e-05
Node_212	4.890024379826329e-08	3.217473850853122e-08	3.2705058184941974e-08	1.608632721716847e-08	3.265933184003981e-08	1.613015369458358e-08	1.608634164035923e-08	1.6086323574223083e-08	1.6086324553665392e-08	0.9999995307091768	2.423759800536435e-07
Node_217	2.583834470452555e-11	1.7050665822710914e-11	1.733159103362127e-11	8.52478069470539e-12	1.7307470985345475e-11	8.548006077573576e-12	8.524788338124333e-12	8.524778764164622e-12	8.52477928320982e-12	0.9999999998295972	5.0227483685000083e-11
Node_219	2.2029609249774328e-11	1.4537289764224949e-11	1.4776804821161736e-11	7.2681740656916886e-12	1.475624022052883e-11	7.287975880128176e-12	7.268180582422302e-12	7.268172419724848e-12	7.2681728622595e-12	0.9999999998547157	4.282364584050877e-11
Node_64	9.29754184719834e-10	6.135427106208722e-10	6.236513842033776e-10	3.0675148462011616e-10	6.227834603500925e-10	3.0758721528942245e-10	3.0675175965711496e-10	3.067514151524937e-10	3.067514338295565e-10	0.9999999938683152	1.807359811175905e-09
Node_65	2.46259457855863e-15	1.6250606641199607e-15	1.6518350149858342e-15	8.124777015313296e-16	1.6495361873915794e-15	8.146912606087671e-16	8.12478430008422e-16	8.124775175358249e-16	8.12477567004857e-16	0.9999999999999839	4.787065813366257e-15
SRR6046437	0.0	0.0	0.0	0.0	0.0	0.0	0.0	0.0	0.0	1.0	0.0
ERR5412130	0.0	0.0	0.0	0.0	0.0	0.0	0.0	0.0	0.0	1.0	0.0
ERR5413405	0.0	0.0	0.0	0.0	0.0	0.0	0.0	0.0	0.0	1.0	0.0
ERR5412990	0.0	0.0	0.0	0.0	0.0	0.0	0.0	0.0	0.0	1.0	0.0
SRR6046712	0.0	0.0	0.0	0.0	0.0	0.0	0.0	0.0	0.0	1.0	0.0
ERR5413139	0.0	0.0	0.0	0.0	0.0	0.0	0.0	0.0	0.0	1.0	0.0
SRR26728002	1.0	0.0	0.0	0.0	0.0	0.0	0.0	0.0	0.0	0.0	0.0
Node_181	0.9999998708335647	7.590720709408066e-10	7.715784730466954e-10	3.7951145154855057e-10	7.70504681764113e-10	3.805454134861901e-10	3.7951179182299226e-10	3.795113656035413e-10	3.7951138871071603e-10	1.227306314983812e-07	2.2360571241893983e-09
ERR5414016	0.0	0.0	0.0	0.0	0.0	0.0	0.0	0.0	0.0	1.0	0.0
ERR5412522	0.0	0.0	0.0	0.0	0.0	0.0	0.0	0.0	0.0	1.0	0.0
SRR26041808	0.0	0.0	0.0	0.0	0.0	0.0	0.0	0.0	0.0	0.0	1.0
Node_190	2.0456792464665546e-09	1.3499391629128023e-09	1.372180637098674e-09	6.749258612351502e-10	1.370270999210774e-09	6.767646664896379e-10	6.749264663816399e-10	6.749257083899353e-10	6.749257494839045e-10	8.960998394478129e-08	0.9999999008754775
ERR5413683	0.0	0.0	0.0	0.0	0.0	0.0	0.0	0.0	0.0	1.0	0.0
Node_192	1.2228587989013431e-08	8.06961787547575e-09	8.202572161584104e-09	4.034547588568506e-09	8.191156796738876e-09	4.045539532619611e-09	4.034551205991439e-09	4.034546674895866e-09	4.034546920545887e-09	0.9999998938199136	4.930441964627872e-08
Node_198	8.142848547779883e-12	5.373447576023074e-12	5.46198000680327e-12	2.6865497591935074e-12	5.454378672381252e-12	2.6938691435842935e-12	2.686552167985716e-12	2.6865491507914826e-12	2.6865493143664536e-12	0.9999999999462983	1.5828976578563193e-11
ERR5413854	0.0	0.0	0.0	0.0	0.0	0.0	0.0	0.0	0.0	1.0	0.0
SRR12051517	0.0	0.0	0.0	0.0	0.0	0.0	0.0	0.0	0.0	0.0	1.0
Node_204	1.0902145428474476e-11	7.194300996325571e-12	7.312833642479309e-12	3.5969174977136196e-12	7.302656509043585e-12	3.6067171381995397e-12	3.5969207227522534e-12	3.5969166831476657e-12	3.5969169021518633e-12	0.9999999999280345	2.1259146337381343e-11
Node_211	1.0524950657540764e-08	6.945387323852936e-09	7.059818899365635e-09	3.4724687229967345e-09	7.049993873521299e-09	3.4819293083745485e-09	3.4724718364531583e-09	3.4724679366137563e-09	3.472468148040687e-09	0.9999999305820497	2.0465993668204725e-08
ERR5412077	0.0	0.0	0.0	0.0	0.0	0.0	0.0	0.0	0.0	1.0	0.0
ERR5414273	0.0	0.0	0.0	0.0	0.0	0.0	0.0	0.0	0.0	1.0	0.0
Node_216	3.039644310611968e-15	2.0058544903797573e-15	2.038902765505704e-15	1.0028622819644704e-15	2.0360652630251944e-15	1.0055945352970582e-15	1.002863181142624e-15	1.002862054854051e-15	1.0028621159149592e-15	0.9999999999999801	5.908800055504887e-15
ERR5413018	0.0	0.0	0.0	0.0	0.0	0.0	0.0	0.0	0.0	1.0	0.0
ERR5413118	0.0	0.0	0.0	0.0	0.0	0.0	0.0	0.0	0.0	1.0	0.0
Node_63	2.879303914416071e-08	1.9000462244592665e-08	1.9313512122657293e-08	9.499615757962829e-09	1.9286633872585937e-08	9.525497035262553e-09	9.49962427543035e-09	9.499613606658746e-09	9.499614185058294e-09	0.9999998101112691	5.5971118652670494e-08
ERR5412041	0.0	0.0	0.0	0.0	0.0	0.0	0.0	0.0	0.0	1.0	0.0
ERR5412564	0.0	0.0	0.0	0.0	0.0	0.0	0.0	0.0	0.0	1.0	0.0
SRR6046745	0.0	0.0	0.0	0.0	0.0	0.0	0.0	0.0	0.0	1.0	0.0
SRR26727956	1.0	0.0	0.0	0.0	0.0	0.0	0.0	0.0	0.0	0.0	0.0
Node_180	0.9999999999993623	3.8221827436303415e-15	3.885156677379722e-15	1.910967583514316e-15	3.879749777745197e-15	1.9161739290339584e-15	1.9109692969103964e-15	1.9109671507523533e-15	1.9109672671047366e-15	6.05438782699597e-13	1.1259298366207063e-14
SRR26041809	0.0	0.0	0.0	0.0	0.0	0.0	0.0	0.0	0.0	0.0	1.0
SRR12051853	0.0	0.0	0.0	0.0	0.0	0.0	0.0	0.0	0.0	0.0	1.0
ERR5413381	0.0	0.0	0.0	0.0	0.0	0.0	0.0	0.0	0.0	1.0	0.0
ERR5413110	0.0	0.0	0.0	0.0	0.0	0.0	0.0	0.0	0.0	1.0	0.0
Node_197	2.644131340188612e-15	1.7448563677998072e-15	1.7736044617223962e-15	8.723716735707367e-16	1.7711361698888224e-15	8.747484110901621e-16	8.72372455749464e-16	8.72371476011503e-16	8.723715291272775e-16	0.9999999999999827	5.13995720402982e-15
ERR5412270	0.0	0.0	0.0	0.0	0.0	0.0	0.0	0.0	0.0	1.0	0.0
ERR5412093	0.0	0.0	0.0	0.0	0.0	0.0	0.0	0.0	0.0	1.0	0.0
Node_203	2.705744060542426e-15	1.7855144547750588e-15	1.814932427641418e-15	8.92699400272683e-16	1.812406620436656e-15	8.951315197722905e-16	8.927002006774896e-16	8.92699198109987e-16	8.926992524634482e-16	0.9999999999999823	5.26120958552857e-15
ERR5413465	0.0	0.0	0.0	0.0	0.0	0.0	0.0	0.0	0.0	1.0	0.0
Node_210	7.227295025283881e-12	4.769275850668422e-12	4.847854003362319e-12	2.384483463710216e-12	4.841107336500995e-12	2.3909798820194586e-12	2.384485601666201e-12	2.384482923714776e-12	2.384483068897947e-12	0.9999999999523363	1.4049221643059519e-11
Node_215	2.462198039685887e-15	1.624798989003116e-15	1.6515690285336984e-15	8.123468724477357e-16	1.6492705711077658e-15	8.145600750871929e-16	8.123476008075187e-16	8.123466884818524e-16	8.123467379429187e-16	0.9999999999999839	4.786294976923404e-15
ERR5412817	0.0	0.0	0.0	0.0	0.0	0.0	0.0	0.0	0.0	1.0	0.0
Node_62	5.4290409779386605e-09	3.5826120198426456e-09	3.641638807797964e-09	1.7911899805516463e-09	3.636570807844154e-09	1.7960699973611985e-09	1.7911915865537076e-09	1.7911895749147857e-09	1.7911896839742994e-09	0.9999999641957317	1.0553574953481088e-08
ERR5413960	0.0	0.0	0.0	0.0	0.0	0.0	0.0	0.0	0.0	1.0	0.0
SRR26727913	1.0	0.0	0.0	0.0	0.0	0.0	0.0	0.0	0.0	0.0	0.0
SRR26727933	1.0	0.0	0.0	0.0	0.0	0.0	0.0	0.0	0.0	0.0	0.0
ERR5411959	0.0	0.0	0.0	0.0	0.0	0.0	0.0	0.0	0.0	1.0	0.0
Node_196	2.462189199554575e-15	1.6247931554202804e-15	1.6515630988372857e-15	8.123439558452425e-16	1.6492646496635996e-15	8.145571505385536e-16	8.12344684202417e-16	8.123437718800262e-16	8.123438213409149e-16	0.9999999999999839	4.78627779247615e-15
ERR5413545	0.0	0.0	0.0	0.0	0.0	0.0	0.0	0.0	0.0	1.0	0.0
ERR5412218	0.0	0.0	0.0	0.0	0.0	0.0	0.0	0.0	0.0	1.0	0.0
Node_206	2.623609113332507e-15	1.7313137961170872e-15	1.759838763867303e-15	8.656008263300535e-16	1.7573896294954592e-15	8.679591169796839e-16	8.656016024379593e-16	8.65600630304161e-16	8.656006830076813e-16	0.9999999999999829	5.100063813157656e-15
Node_209	2.623667754988534e-15	1.7313524936149695e-15	1.7598780989416209e-15	8.656201738257061e-16	1.7574289098278968e-15	8.679785171867211e-16	8.656209499509591e-16	8.656199777954321e-16	8.656200305001305e-16	0.9999999999999829	5.1001778073446015e-15
ERR5413040	0.0	0.0	0.0	0.0	0.0	0.0	0.0	0.0	0.0	1.0	0.0
Node_214	2.462130101953676e-15	1.6247541570453953e-15	1.6515234579287428e-15	8.123244579208394e-16	1.6492250639225604e-15	8.145375994929228e-16	8.123251862605252e-16	8.12324273960032e-16	8.123243234197337e-16	0.9999999999999839	4.786162911972725e-15
Node_61	3.654248693460006e-12	2.4114305539198533e-12	2.451161063164731e-12	1.2056371784201861e-12	2.447749828605077e-12	1.2089218828685153e-12	1.205638259408694e-12	1.2056369053889134e-12	1.2056369787960926e-12	0.9999999999759005	7.103535899213881e-12
ERR5413586	0.0	0.0	0.0	0.0	0.0	0.0	0.0	0.0	0.0	1.0	0.0
Node_195	2.462130101756105e-15	1.6247541569150187e-15	1.6515234577962183e-15	8.123244578556554e-16	1.6492250637902203e-15	8.145375994275612e-16	8.123251861953411e-16	8.1232427389484805e-16	8.123243233545496e-16	0.9999999999999839	4.786162911588665e-15
ERR5413953	0.0	0.0	0.0	0.0	0.0	0.0	0.0	0.0	0.0	1.0	0.0
ERR5412243	0.0	0.0	0.0	0.0	0.0	0.0	0.0	0.0	0.0	1.0	0.0
ERR5413625	0.0	0.0	0.0	0.0	0.0	0.0	0.0	0.0	0.0	1.0	0.0
ERR5413471	0.0	0.0	0.0	0.0	0.0	0.0	0.0	0.0	0.0	1.0	0.0
Node_208	2.4621887421719133e-15	1.6247928535944834e-15	1.6515627920386344e-15	8.123438049421257e-16	1.6492643432919141e-15	8.145569992243014e-16	8.123445332991583e-16	8.12343620976937e-16	8.123436704378166e-16	0.9999999999999839	4.786276903364754e-15
ERR5414195	0.0	0.0	0.0	0.0	0.0	0.0	0.0	0.0	0.0	1.0	0.0
ERR5413915	0.0	0.0	0.0	0.0	0.0	0.0	0.0	0.0	0.0	1.0	0.0
ERR5413914	0.0	0.0	0.0	0.0	0.0	0.0	0.0	0.0	0.0	1.0	0.0
ERR5414043	0.0	0.0	0.0	0.0	0.0	0.0	0.0	0.0	0.0	1.0	0.0
ERR5412541	0.0	0.0	0.0	0.0	0.0	0.0	0.0	0.0	0.0	1.0	0.0
ERR5413867	0.0	0.0	0.0	0.0	0.0	0.0	0.0	0.0	0.0	1.0	0.0
ERR5414067	0.0	0.0	0.0	0.0	0.0	0.0	0.0	0.0	0.0	1.0	0.0
Node_207	2.4621301017458786e-15	1.6247541569082702e-15	1.6515234577893586e-15	8.123244578522814e-16	1.64922506378337e-15	8.145375994241779e-16	8.123251861919671e-16	8.12324273891474e-16	8.123243233511756e-16	0.9999999999999839	4.7861629115687855e-15
ERR5412094	0.0	0.0	0.0	0.0	0.0	0.0	0.0	0.0	0.0	1.0	0.0
ERR5412482	0.0	0.0	0.0	0.0	0.0	0.0	0.0	0.0	0.0	1.0	0.0
