node	Australia	Canada	China	Denmark	Germany	Netherlands	Norway	Singapore	Spain	Taiwan	Thailand	UK	USA
root	0.06190244228446446	0.008307199996807405	0.20955293219245888	0.008722320981285416	0.28378198276468375	0.008308406402699118	0.019680908075481583	0.008310308745714366	0.019416159730646327	0.008403831000017193	0.04829960891922361	0.15225779473868362	0.16305610416783442
n0	0.022510187625697526	0.0013657465093081078	0.33321580279212254	0.0020520840659020477	0.45198455645279983	0.0013679039279397148	0.00792903017052381	0.001371136249845028	0.020176808491180837	0.001529677196977521	0.0052440611109037475	0.13138241781753668	0.019870587589262603
n3434	0.08756709693320766	0.009326776775968586	0.10794093424230713	0.009529399074377057	0.14586309120214525	0.009327273639134888	0.020096092080985128	0.009328165165249909	0.014560403557326181	0.009372149680866733	0.10480516674837194	0.15871322405529653	0.31357022684476293
n00	0.02248829350695206	0.0013645532805821499	0.3332083367495494	0.002050978684795981	0.4520405059913864	0.001366710992220503	0.007927323084038417	0.0013699437374845485	0.020178072133136885	0.0015285054104755907	0.005238972946188878	0.131385860138652	0.01985194334453711
n34	0.06020796802021825	0.0037882938400861065	0.35697468390242637	0.004343174092723353	0.3691433677045095	0.0037900088898271895	0.011750904166423543	0.0037926031809955795	0.018899843948967477	0.003919926716844841	0.006902898458843565	0.12114019577169269	0.035346131306441556
n35	0.08756497132314792	0.009327475672221414	0.10793317497215925	0.009530080375450637	0.1458525209264204	0.009327972476326867	0.02009734902652843	0.009328863914381202	0.014560593696924584	0.009372844131826498	0.10482235449775003	0.15872373089455707	0.3135580680923058
n38	0.17273656935668913	0.0010424096230214667	0.004506303292145393	0.0010492591255392145	0.006048949280528446	0.0010422542250027266	0.0021269994430170936	0.0010422800141224242	0.0011975451919446348	0.0010435744792038342	0.003851039668095254	0.009128244040584864	0.7951845722601056
SRR29408758	0.0	0.0	1.0	0.0	0.0	0.0	0.0	0.0	0.0	0.0	0.0	0.0	0.0
n1	0.008825975259692647	0.0006994508368120325	0.11834382572311952	0.0016915237533437109	0.651552861935772	0.0007025850798349654	0.00892487931422798	0.0007072662495582469	0.02793586996901269	0.0009368345675199394	0.002071147095879007	0.16899935880343153	0.008608421411795743
SRR25361493	1.0	0.0	0.0	0.0	0.0	0.0	0.0	0.0	0.0	0.0	0.0	0.0	0.0
SRR29408763	0.0	0.0	1.0	0.0	0.0	0.0	0.0	0.0	0.0	0.0	0.0	0.0	0.0
n3535	0.08756450882285699	0.009328444422991139	0.10792695081047143	0.009531034109091745	0.14584401656184484	0.009328941172762936	0.02009916247391605	0.00932983253303333	0.014561114841498916	0.00937380896397706	0.10484146730197813	0.15872035124282538	0.31355036674275194
ERR5412439	0.0	0.0	0.0	0.0	0.0	0.0	0.0	0.0	0.0	0.0	0.0	1.0	0.0
n3838	0.1471213794002894	0.00065571769002851	0.002175425447926597	0.0006587030153506661	0.002910674323853401	0.0006556562268784834	0.0013276926221451584	0.0006556660065609153	0.000715864303016813	0.000656164350183666	0.001736608770969373	0.004991109142253125	0.8357393387005438
n4242	0.17275070132940856	0.001042512125348202	0.004505838065191887	0.00104936038268877	0.006048311754750968	0.0010423566664974043	0.002127194247783341	0.0010423824492772516	0.0011976112742808154	0.00104367660640921	0.003850473391721716	0.009128106711603114	0.7951714749950387
n11	0.008826132866655852	0.0006998280278356616	0.11831828049650664	0.001692657791114709	0.6515777396740595	0.0007029646642723661	0.008931376833004594	0.0007076494063334002	0.027930156079456307	0.0009373929101183379	0.0020712174760119588	0.16899424328331508	0.00861036049131555
n12	0.00882453766331854	0.0006996279419910919	0.11830247793284172	0.0016913486382271446	0.6515543674007066	0.0007027610676278215	0.008922557148970849	0.0007074405723731405	0.027952634898731173	0.0009369272506802496	0.002070836392040679	0.16902605541172	0.008608427680771172
n36	1.9337659816174254e-11	4.2879927371862325e-12	1.1460642682854145e-11	4.302209696323445e-12	1.528234676358775e-11	4.287989273412272e-12	8.639678633777609e-12	4.28802619625938e-12	4.524483746754276e-12	4.2899595990628696e-12	0.9999999998481041	2.949005156148044e-11	4.1704959783618156e-11
n3636	4.619255492587178e-06	1.1366823871702356e-06	2.1134044916313956e-06	1.1385386199891092e-06	2.7966744563535676e-06	1.1366758507515657e-06	2.275724278083702e-06	1.136676602724903e-06	1.1468074097198114e-06	1.1367460385539869e-06	1.2858305297379302e-06	6.763820029065501e-06	0.9999733131638137
n39	2.2794578186549834e-07	1.7576961167724088e-08	3.159870152596618e-08	1.7603358343358457e-08	4.177854954360578e-08	1.7576784203511478e-08	3.5173279854242766e-08	1.757678526231383e-08	1.7671972143335996e-08	1.75773406941056e-08	1.8756757252409412e-08	1.0335872904008098e-07	0.9999994358049991
n40	0.14712372686140415	0.0006558322025058278	0.0021753815155148913	0.0006588171983764378	0.0029106076127685242	0.0006557707519535077	0.0013279178794530259	0.0006557805292015303	0.0007159652475596288	0.0006562787567301688	0.0017364710837716156	0.004991497971876191	0.8357359523888844
n43	0.9999992395727471	1.1314186326456455e-08	2.118133712704493e-08	1.1332867041021634e-08	2.8034178379819608e-08	1.1314026040879365e-08	2.2653949045363054e-08	1.1314034945997159e-08	1.1423133124732229e-08	1.1314795728095671e-08	1.2949043505747705e-08	6.748989539947332e-08	5.401058062789929e-07
n4343	0.003569523704725925	0.00016060879977913316	0.00032276236846714176	0.00015946324373796459	0.00042800917962377194	0.00015914703745247783	0.0003190479084194052	0.00015914740524572473	0.00016209254409908633	0.00015916999953212736	0.00020796549942557412	0.0009794409903870454	0.9932136213191046
ERR7253734	0.0	0.0	0.0	0.0	1.0	0.0	0.0	0.0	0.0	0.0	0.0	0.0	0.0
n2	0.015691293379255167	0.0033515934497589514	0.05052411798066227	0.015796689507285074	0.5251015285086092	0.00339097761288479	0.10116904196776737	0.0034497389296004317	0.013754495933400912	0.006331285530260831	0.0038752308061806248	0.2318326494411741	0.025731356953160308
n1212	0.008354621650591209	0.0008550794828692773	0.09738802007099029	0.0016677651871897855	0.6569184049351687	0.0008576439258987729	0.007872372216787155	0.0008614766542291856	0.04152038297349161	0.0010494448154832403	0.0019782081901480023	0.17159396998895307	0.009082609908199642
n3232	9.264757117215312e-11	2.2815655883571e-11	6.878559347393064e-11	2.3094390768952198e-11	2.1454755947363516e-10	2.2816290789730113e-11	4.7512288852892076e-11	2.2817446501540554e-11	2.966103799087968e-11	2.2874772171673574e-11	2.315802407873215e-11	0.9999999992440232	1.6524605839395768e-10
SRR14043056	0.0	0.0	0.0	0.0	0.0	0.0	0.0	0.0	0.0	0.0	1.0	0.0	0.0
SRR14043055	0.0	0.0	0.0	0.0	0.0	0.0	0.0	0.0	0.0	0.0	1.0	0.0	0.0
n37	3.0601281797098686e-12	7.658720057953681e-13	1.3286938413644897e-12	7.669256395862604e-13	1.7550840011665875e-12	7.658670228109962e-13	1.5318372186369696e-12	7.658665984580515e-13	7.672778502019066e-13	7.658677290175277e-13	7.671943407134074e-13	4.448760738410234e-12	0.9999999999825105
n3737	7.775790907748344e-09	1.9139346932235214e-09	3.5547603577004166e-09	1.917052403357318e-09	4.703899127881133e-09	1.913923664361891e-09	3.8317830835240895e-09	1.9139248936914465e-09	1.9307688152808065e-09	1.914040002761475e-09	2.1611451820072743e-09	1.1384559060544657e-08	0.9999999550844177
SRR13786059	0.0	0.0	0.0	0.0	0.0	0.0	0.0	0.0	0.0	0.0	0.0	0.0	1.0
n3939	2.49432197823301e-09	1.925830260154509e-10	3.461902022222228e-10	1.9287220235974976e-10	4.577181616212404e-10	1.9258108835488414e-10	3.8537778749928747e-10	1.9258109973229448e-10	1.9362272111136153e-10	1.9258717439822983e-10	2.0548574847510683e-10	1.132430054349873e-09	0.9999999938216488
SRR23701748	1.0	0.0	0.0	0.0	0.0	0.0	0.0	0.0	0.0	0.0	0.0	0.0	0.0
n4040	2.5560807912653776e-05	7.715131115435476e-07	1.4987747788008736e-06	7.728961947304199e-07	1.9854809659519343e-06	7.714991897003645e-07	1.5456185970072736e-06	7.715003288151229e-07	7.820330233749734e-07	7.715782877041578e-07	9.396139690661809e-07	4.664120785732846e-06	0.9999591645628549
SRR25361497	1.0	0.0	0.0	0.0	0.0	0.0	0.0	0.0	0.0	0.0	0.0	0.0	0.0
SRR25361548	1.0	0.0	0.0	0.0	0.0	0.0	0.0	0.0	0.0	0.0	0.0	0.0	0.0
SRR15713766	0.0	0.0	0.0	0.0	0.0	0.0	0.0	0.0	0.0	0.0	0.0	0.0	1.0
n4444	0.0014984057389471944	7.883804271182199e-05	0.00015262619734718197	7.723625212330214e-05	0.0002022809202783125	7.70907530946754e-05	0.00015448827615195966	7.709089490321702e-05	7.83061102035884e-05	7.710005707173993e-05	9.686854991692674e-05	0.0004714878931329928	0.9969581803141171
n22	9.089937491103246e-11	2.237490900683722e-11	6.826356924143641e-11	3.0608293693301186e-11	3.923923316211475e-10	2.240074567278878e-11	1.070380976920541e-10	2.2439478627160354e-11	2.926920515730255e-11	2.433944894686195e-11	2.2720111164676854e-11	0.9999999990050277	1.6222683405489143e-10
n3	0.01569283307064427	0.003352064782160361	0.05051827152776172	0.01580076538667162	0.5250965774004076	0.0033914603578851688	0.10119735049416166	0.0034502386975110567	0.01375341873143139	0.006332620055982202	0.003875624104066202	0.23180415958616496	0.02573461580515181
n13	0.008354863934276004	0.0008553932095328622	0.0973689322285971	0.0016679132308296978	0.6569334361166034	0.0008579571244454677	0.007871738334685375	0.0008617890679518806	0.0415123735146424	0.0010497187531541398	0.0019782920150906167	0.17160332091935432	0.009084271550836942
n32	1.3195705605614665e-08	3.1198681245277544e-09	1.9636716887030658e-08	3.2445513969833918e-09	1.0431728023581252e-07	3.12022910049056e-09	7.154293390575806e-09	3.1207960451323206e-09	0.9999997709085452	3.1486864109190036e-09	3.2864948434117246e-09	4.28388782931544e-08	2.2907954620428788e-08
ERR5413688	0.0	0.0	0.0	0.0	0.0	0.0	0.0	0.0	0.0	0.0	0.0	1.0	0.0
n3333	3.3393457396579646e-12	8.294504816492458e-13	1.9413012207788046e-12	8.348506799662454e-13	4.6948086539485385e-12	8.294585739880014e-13	1.6913429055097747e-12	8.294782324502557e-13	9.48123518968562e-13	8.304659756997304e-13	8.353465513024675e-13	0.9999999999764057	5.990380730526616e-12
SRR21939576	0.0	0.0	0.0	0.0	0.0	0.0	0.0	0.0	0.0	0.0	0.0	0.0	1.0
SRR21939575	0.0	0.0	0.0	0.0	0.0	0.0	0.0	0.0	0.0	0.0	0.0	0.0	1.0
SRR21939578	0.0	0.0	0.0	0.0	0.0	0.0	0.0	0.0	0.0	0.0	0.0	0.0	1.0
SRR21939577	0.0	0.0	0.0	0.0	0.0	0.0	0.0	0.0	0.0	0.0	0.0	0.0	1.0
SRR14736626	0.0	0.0	0.0	0.0	0.0	0.0	0.0	0.0	0.0	0.0	0.0	0.0	1.0
SRR14736627	0.0	0.0	0.0	0.0	0.0	0.0	0.0	0.0	0.0	0.0	0.0	0.0	1.0
n41	2.5550927976198103e-05	7.826852541264186e-07	1.5177467016736019e-06	7.840828822824152e-07	2.0105264711809496e-06	7.826712810493556e-07	1.5679578427957686e-06	7.826724099632445e-07	7.932023659212173e-07	7.827501886773052e-07	9.503784424450361e-07	4.728549530084155e-06	0.9999589658486536
n4141	2.5458370569586544e-05	7.739608375937744e-07	1.5022106208096767e-06	7.753456606619093e-07	1.9899903952853595e-06	7.739469442013017e-07	1.5505017100738124e-06	7.739480740370555e-07	7.844392013988243e-07	7.740256480354359e-07	9.412225102680816e-07	4.677415586522618e-06	0.9999592246222415
n45	1.6477476089364216e-11	3.5840971549705582e-12	6.241185064717321e-12	3.585894531052941e-12	8.24506769064466e-12	3.580885579073336e-12	7.162704794964767e-12	3.5808838759036942e-12	3.5891161924760296e-12	3.580902937950353e-12	3.616996298258836e-12	2.0837327625370483e-11	0.9999999999159174
n46	0.00018310780263775596	4.4377410640403495e-05	5.277490261670065e-05	2.997693531286045e-05	6.97410203320292e-05	2.9933820772964726e-05	5.988490710566255e-05	2.9933812425811412e-05	3.003688578425441e-05	2.9934260607229734e-05	3.086275217434627e-05	0.0001920769632867934	0.9992173585263032
ERR337787	0.0	0.0	0.0	0.0	0.0	0.0	0.0	0.0	0.0	0.0	0.0	1.0	0.0
ERR363377	0.0	0.0	0.0	0.0	0.0	0.0	0.0	0.0	0.0	0.0	0.0	1.0	0.0
n33	0.005916823329214614	0.0014600713855273367	0.004167093421360416	0.14954507632193503	0.7536280604358169	0.001929126309073102	0.006404399217346447	0.002628601972118466	0.0018431236537658523	0.03692849742096293	0.0014792314128327724	0.02082281291070858	0.013247082209337577
ERR5384765	0.0	0.0	0.0	0.0	0.0	0.0	1.0	0.0	0.0	0.0	0.0	0.0	0.0
n1313	9.095814916477542e-11	2.1959681038362983e-11	1.0089532936803998e-10	2.2521492526638346e-11	4.794798112474449e-10	2.196122173056604e-11	4.795868873401481e-11	2.1963720604555232e-11	4.8639519522331275e-11	2.2086885755734412e-11	2.2695454886149345e-11	0.9999999989387761	1.6010379283651725e-10
n16	9.552482977159295e-06	2.1212307331411404e-06	2.462545723439892e-05	2.3014016948197882e-06	0.9998713862211962	2.121778283147787e-06	5.588669126210618e-06	2.122614369270046e-06	1.1007190351840508e-05	2.1636738899367674e-06	2.366551916544484e-06	4.872376290112883e-05	1.5918965326228843e-05
ERR3198386	0.0	0.0	0.0	0.0	0.0	0.0	0.0	0.0	1.0	0.0	0.0	0.0	0.0
ERR3198395	0.0	0.0	0.0	0.0	0.0	0.0	0.0	0.0	1.0	0.0	0.0	0.0	0.0
ERR5413733	0.0	0.0	0.0	0.0	0.0	0.0	0.0	0.0	0.0	0.0	0.0	1.0	0.0
ERR115054	0.0	0.0	0.0	0.0	0.0	0.0	0.0	0.0	0.0	0.0	0.0	1.0	0.0
SRR30795527	0.0	0.0	0.0	0.0	0.0	0.0	0.0	0.0	0.0	0.0	0.0	0.0	1.0
SRR15713760	0.0	0.0	0.0	0.0	0.0	0.0	0.0	0.0	0.0	0.0	0.0	0.0	1.0
SRR30795502	0.0	0.0	0.0	0.0	0.0	0.0	0.0	0.0	0.0	0.0	0.0	0.0	1.0
n42	3.0011420672037305e-12	6.965762034225561e-13	1.2088874975902016e-12	6.975352640061823e-13	1.596845486843098e-12	6.965715777977954e-13	1.3932434843567406e-12	6.965711958812425e-13	6.978782601275046e-13	6.965724223068752e-13	6.982083505863889e-13	4.046709096909951e-12	0.9999999999838732
SRR15713806	0.0	0.0	0.0	0.0	0.0	0.0	0.0	0.0	0.0	0.0	0.0	0.0	1.0
n4545	2.086350312355823e-15	5.142135889490902e-16	8.916781465019808e-16	5.148726868998657e-16	1.1778138743925343e-15	5.141626819519484e-16	1.0283893431408154e-15	5.141623937730314e-16	5.150906950953586e-16	5.141629914038332e-16	5.147029545857823e-16	2.986338449021251e-15	0.9999999999999882
SRR30795558	0.0	0.0	0.0	0.0	0.0	0.0	0.0	0.0	0.0	0.0	0.0	0.0	1.0
n4646	9.063712149866804e-05	4.1134652421431404e-05	2.731631532802233e-05	1.5630467523076213e-05	3.609087025292538e-05	1.5608403123312665e-05	3.122263645468544e-05	1.5608396795670387e-05	1.5650654978513704e-05	1.5608533634995703e-05	1.5882498880515984e-05	0.00012132333582204994	0.999558286113286
n4	0.00039923939489884167	9.90685768972891e-05	0.00023947730001408114	0.006231653789265534	0.9758104513377603	0.000867606374380811	0.0003424317195980796	0.002013663285119614	0.0001149988456634601	0.0015678954139880343	9.986192223678882e-05	0.007115143733256526	0.005098508306920543
n10	0.00861795015238865	0.002141726602629262	0.0049236124991153185	0.2955495016381051	0.560365239447982	0.002488977148267082	0.0068814437113272125	0.0030068223830285296	0.0024271603349461696	0.07241723659289005	0.002155908285652733	0.021575675773777274	0.017448745429890573
ERR337779	0.0	0.0	0.0	0.0	0.0	0.0	0.0	0.0	0.0	0.0	0.0	1.0	0.0
n14	2.289841990988598e-15	5.634798619786381e-16	1.732171709617174e-15	5.706461507033326e-16	6.450906736789569e-15	5.634964364992639e-16	1.1755583695088426e-15	5.63526312905722e-16	8.848072312537858e-16	5.650074895415818e-16	5.723261302146324e-16	0.99999999999998	4.082110554916691e-15
n1616	2.0171306242276139e-13	4.872687416030707e-14	2.21622604787165e-13	4.995439785900717e-14	0.9999999999981913	4.873023237166963e-14	1.0627172417547824e-13	4.873568699498889e-14	1.069706673695787e-13	4.9004558592107364e-14	5.0333075308644505e-14	5.21328351154361e-13	3.551894551720265e-13
n1717	2.9806965471945063e-10	7.202190962685737e-11	3.260771299706e-10	7.382360971895448e-11	0.9999999973317716	7.202683318429448e-11	1.5698122612096313e-10	7.20348356703389e-11	1.5747563140528932e-10	7.242931290874688e-11	7.437845749369687e-11	7.679594393228226e-10	5.249505439269025e-10
SRR25404801	0.0	0.0	0.0	0.0	0.0	0.0	0.0	0.0	0.0	0.0	0.0	0.0	1.0
SRR26031968	0.0	0.0	0.0	0.0	0.0	0.0	0.0	0.0	0.0	0.0	0.0	0.0	1.0
SRR25404803	0.0	0.0	0.0	0.0	0.0	0.0	0.0	0.0	0.0	0.0	0.0	0.0	1.0
SRR15713764	0.0	0.0	0.0	0.0	0.0	0.0	0.0	0.0	0.0	0.0	0.0	0.0	1.0
n47	0.00029340823625882803	2.1623366620738003e-05	3.4940334470129044e-05	2.017816907374069e-05	4.615235733877121e-05	2.0150354025596353e-05	4.030313562910977e-05	2.015034268199917e-05	2.0186434413979445e-05	2.0150363667051434e-05	2.016623800137673e-05	0.000794757916725246	0.9986478327510934
n67	0.00022360004505251653	0.0019266264401285509	9.643131685373891e-05	5.570620827206331e-05	0.0001273741708613658	5.562947884089484e-05	0.00011126520196232154	5.562944723952247e-05	5.572742956515016e-05	5.562949120380146e-05	5.564300171895915e-05	0.0003245267979861767	0.996856210970315
n44	0.00039439968504442795	9.78679482005141e-05	0.00023655055368360678	0.006153916091043277	0.9760205878787505	0.0008666868833083238	0.0003382296116760893	0.002013163020034327	0.00011359946314514036	0.0015483632380891637	9.865139216653518e-05	0.007026551699845271	0.005091432535012604
n99	9.924855647173879e-11	2.484416541182949e-11	4.312852737751792e-11	3.105254800829659e-11	1.0391170226060327e-09	2.5617785464029006e-11	4.983597543913238e-11	2.67716474592391e-11	2.4903288224864084e-11	2.6322855075377534e-11	2.4844890860003405e-11	0.9999999984009306	1.8338221251940372e-10
n1010	8.300785728566785e-06	2.073510551014842e-06	3.938106668946735e-06	0.9996631565830574	0.0001625848433686764	2.1721743020394424e-06	9.902888219883754e-05	2.319322253853522e-06	2.157168897604229e-06	2.204270311371732e-05	2.077536020037047e-06	1.4637476265127316e-05	1.5510907574305536e-05
DRR317541	0.0	0.0	0.0	0.0	0.0	0.0	0.0	0.0	0.0	1.0	0.0	0.0	0.0
ERR363372	0.0	0.0	0.0	0.0	0.0	0.0	0.0	0.0	0.0	0.0	0.0	1.0	0.0
n1414	1.1960715335616254e-15	2.994143242176004e-16	5.189586606557836e-16	2.9982528564530177e-16	6.85529558975008e-16	2.994123733621892e-16	5.988578562312843e-16	2.99412202964787e-16	2.999395027616128e-16	2.994124243628442e-16	2.9941354353875993e-16	0.9999999999999927	2.156861400889883e-15
ERR4326576	0.0	0.0	0.0	0.0	1.0	0.0	0.0	0.0	0.0	0.0	0.0	0.0	0.0
n17	1.8686181316537187e-16	4.676902467058932e-17	8.171106840746515e-17	4.683870778190257e-17	0.999999999999999	4.676873733095944e-17	9.358430119794802e-17	4.6768736648000917e-17	4.712616716968989e-17	4.677004291470218e-17	4.6776501207636925e-17	2.7271119867169114e-16	3.3692517979880375e-16
n18	1.5990651095650326e-15	3.879975606352169e-16	1.6265342870342633e-15	3.966027467352616e-16	0.9999999999999859	3.8802059821807946e-16	8.373316939718947e-16	3.8805850889645593e-16	7.931874865342194e-16	3.8992863137467277e-16	3.9916906477497867e-16	3.9110452113009496e-15	2.824056285606775e-15
n3131	6.178085731657786e-10	1.5465695928721383e-10	2.680553007646842e-10	1.5486920638895126e-10	0.9999999957095692	1.546559515217835e-10	3.093287968007761e-10	1.5465586337642773e-10	1.5492685455794835e-10	1.5465597137479638e-10	1.5465651803576476e-10	8.980736787914452e-10	1.1140869666866143e-09
n4747	0.004883629192905012	7.695043898902552e-05	0.00013292940215882987	7.679897272038635e-05	0.0001755832141530175	7.669322113921334e-05	0.00015339481532795896	7.669317742551305e-05	7.682740710088657e-05	7.669323084430359e-05	7.669624972622615e-05	0.000563478552073578	0.9935536321254361
n5555	0.00029368979246062113	2.1715845169632818e-05	3.510169675887224e-05	2.027140050005662e-05	4.636549651507939e-05	2.0243457092879893e-05	4.0489351776551666e-05	2.0243445696121203e-05	2.0279699829141455e-05	2.0243466741389826e-05	2.025933468838627e-05	0.0007987185333639913	0.9986423784794073
SRR15713807	0.0	0.0	0.0	0.0	0.0	0.0	0.0	0.0	0.0	0.0	0.0	0.0	1.0
n6767	0.00022400177224319703	0.0019308181520970734	9.660583702012605e-05	5.5807040771406165e-05	0.0001276046900075435	5.573017251175127e-05	0.00011146660016723775	5.573014085290443e-05	5.582829894303925e-05	5.57301848833465e-05	5.574369074210358e-05	0.0003251109552303973	0.9968498224645298
n5	2.7450616270616767e-12	6.867316086147716e-13	1.2246900862509403e-12	3.8037675525153434e-12	0.9999999999700072	1.0823261749180482e-12	1.4468447389120793e-12	1.6722494775479402e-12	6.959343437147577e-13	1.4330854110328432e-12	6.871328473198964e-13	7.310868913393936e-12	7.203994804159602e-12
n7	0.0002443625602269326	6.080245162802423e-05	0.0001340239239546009	0.0026525063077636776	0.9819821421483977	0.0011769283357454053	0.00018258671133836792	0.0028413138773849115	6.756767552540951e-05	0.0006815398950887342	6.11376693959822e-05	0.0031168693430332524	0.0067982191005169145
ERR374166	0.0	0.0	0.0	0.0	0.0	0.0	0.0	0.0	0.0	0.0	0.0	1.0	0.0
ERR340536	0.0	0.0	0.0	0.0	0.0	0.0	0.0	0.0	0.0	0.0	0.0	1.0	0.0
ERR5384775	0.0	0.0	0.0	0.0	0.0	0.0	1.0	0.0	0.0	0.0	0.0	0.0	0.0
n1111	1.3849358021262126e-08	3.4595292148223525e-09	6.570302758289317e-09	0.9999994381529389	2.711740523922913e-07	3.6240881183172648e-09	1.65170245884784e-07	3.8695126679327134e-09	3.5990630087956438e-09	3.6765667986673736e-08	3.466243194880969e-09	2.4420293862780772e-08	2.587870401062855e-08
n15	1.1960296159045425e-15	2.994039480200629e-16	5.189315916436766e-16	2.9981481833696466e-16	6.854437479989206e-16	2.9940199698881925e-16	5.988365191279547e-16	2.9940182623422817e-16	2.999252565623413e-16	2.994020298197412e-16	2.994030609818277e-16	0.9999999999999927	2.1567863780286413e-15
n1515	1.1960296159045425e-15	2.994039480200629e-16	5.189315916436766e-16	2.9981481833696466e-16	6.854437479989206e-16	2.9940199698881925e-16	5.988365191279547e-16	2.9940182623422817e-16	2.999252565623413e-16	2.994020298197412e-16	2.994030609818277e-16	0.9999999999999927	2.1567863780286413e-15
ERR4326492	0.0	0.0	0.0	0.0	1.0	0.0	0.0	0.0	0.0	0.0	0.0	0.0	0.0
ERR7253768	0.0	0.0	0.0	0.0	1.0	0.0	0.0	0.0	0.0	0.0	0.0	0.0	0.0
n1818	1.8994911025577888e-16	4.75501956888475e-17	8.241936164704259e-17	4.76154876496513e-17	0.9999999999999989	4.754988595731942e-17	9.510523409362176e-17	4.754985902341838e-17	4.763494720632872e-17	4.7549900412817244e-17	4.7550108927924344e-17	2.761253147653669e-16	3.425327460745607e-16
n26	1.8591395662857082e-16	4.654007069088834e-17	8.066849908407484e-17	4.660397563234054e-17	0.999999999999999	4.653976753909257e-17	9.308488122226974e-17	4.653974117735756e-17	4.6623021803222814e-17	4.653978168750809e-17	4.653998577306234e-17	2.702594906833666e-16	3.352562063165995e-16
ERR4326566	0.0	0.0	0.0	0.0	1.0	0.0	0.0	0.0	0.0	0.0	0.0	0.0	0.0
ERR4326570	0.0	0.0	0.0	0.0	1.0	0.0	0.0	0.0	0.0	0.0	0.0	0.0	0.0
n48	2.595718070814915e-05	2.822541583172766e-06	4.890654056049543e-06	2.825590197567219e-06	6.459942804276565e-06	2.821699565321606e-06	5.643705795682973e-06	2.8216979561362688e-06	2.8266314824293456e-06	2.8216998788888596e-06	2.82171843508444e-06	1.6764312298587595e-05	0.9999205226252387
n5353	0.0364227352083388	0.00037320597643267006	0.0006465646632177758	0.0003735543683511389	0.0008540311366441978	0.00037304000998670346	0.0007461205711744274	0.0003730397972514532	0.0003736920612831015	0.00037304005171730117	0.0003730430913312641	0.002241455823526525	0.9564764772407447
ERR5413490	0.0	0.0	0.0	0.0	0.0	0.0	0.0	0.0	0.0	0.0	0.0	1.0	0.0
n56	8.079993229311669e-05	1.7636225985270934e-05	3.044053763929159e-05	1.758670592648787e-05	4.020817126384124e-05	1.756248885552678e-05	3.512689751406724e-05	1.756247884673308e-05	1.7593225690062412e-05	1.7562491152814802e-05	1.7563341656575052e-05	0.00013604647495270216	0.9995543110282235
n68	1.712953100725462e-11	0.9999999997317542	7.432051802942681e-12	4.293896817367929e-12	9.816811223325996e-12	4.287984456466671e-12	8.576434761495847e-12	4.287982010966468e-12	4.295478595382939e-12	4.2879849275657096e-12	4.2880016165146395e-12	2.4900098800508575e-11	1.7464949657288852e-10
n69	8.621615097933287e-07	9.253713089124978e-07	3.7385245654927825e-07	2.1599197371485515e-07	4.938125235993675e-07	2.156945598307377e-07	4.314126274192249e-07	2.1569443686342403e-07	2.160718008197753e-07	2.1569458585203029e-07	2.1570036771591385e-07	1.2530805993610782e-06	0.9999943654612495
ERR7253813	0.0	0.0	0.0	0.0	1.0	0.0	0.0	0.0	0.0	0.0	0.0	0.0	0.0
n55	1.9892189361059518e-16	4.979432152395166e-17	8.646754535237709e-17	6.463505845890592e-17	0.9999999999999988	5.1669405777554636e-17	9.994097052407645e-17	5.446601723983238e-17	4.991897989440638e-17	5.33322484150126e-17	4.97960857888952e-17	3.0490243488159567e-16	3.693983667525334e-16
ERR2759447	0.0	0.0	0.0	0.0	0.0	1.0	0.0	0.0	0.0	0.0	0.0	0.0	0.0
n77	0.00024408218763974097	6.073284795768006e-05	0.0001338581051364058	0.00264834825602013	0.9819914610981915	0.0011750980125940474	0.00018235130603219072	0.0028424495156476205	6.74874453446301e-05	0.0006804910608436205	6.106753683242105e-05	0.003112105196776132	0.0068004674309837644
ERR369135	0.0	0.0	0.0	1.0	0.0	0.0	0.0	0.0	0.0	0.0	0.0	0.0	0.0
ERR369142	0.0	0.0	0.0	1.0	0.0	0.0	0.0	0.0	0.0	0.0	0.0	0.0	0.0
ERR363365	0.0	0.0	0.0	0.0	0.0	0.0	0.0	0.0	0.0	0.0	0.0	1.0	0.0
ERR363369	0.0	0.0	0.0	0.0	0.0	0.0	0.0	0.0	0.0	0.0	0.0	1.0	0.0
ERR337782	0.0	0.0	0.0	0.0	0.0	0.0	0.0	0.0	0.0	0.0	0.0	1.0	0.0
ERR337775	0.0	0.0	0.0	0.0	0.0	0.0	0.0	0.0	0.0	0.0	0.0	1.0	0.0
n19	3.538627418472504e-14	8.858300877942737e-15	1.5353345219819865e-14	8.870457073328088e-15	0.9999999999997544	8.858243153848272e-15	1.7717448611592094e-14	8.858238101825564e-15	8.873724549096247e-15	8.858244125200837e-15	8.858274633638497e-15	5.143890462836516e-14	6.381165910595888e-14
n21	8.151644983426791e-13	2.0406139266435181e-13	3.53682387939401e-13	2.0434142494073093e-13	0.999999999994339	2.0406006292185896e-13	4.0814229364708485e-13	2.040599465425664e-13	2.0441669509220373e-13	2.0406008529810248e-13	2.040607880958755e-13	1.1849557449218148e-12	1.4699767150388817e-12
n2626	1.8590725686589817e-16	4.653845183345657e-17	8.066117044751061e-17	4.660231628344354e-17	0.999999999999999	4.653814857101116e-17	9.308135275413797e-17	4.6538122029429574e-17	4.661948247187029e-17	4.653815367416035e-17	4.653831395494586e-17	2.7024223024157014e-16	3.3524440687153345e-16
ERR4326498	0.0	0.0	0.0	0.0	1.0	0.0	0.0	0.0	0.0	0.0	0.0	0.0	0.0
n4848	2.8008629570011697e-09	5.908289496608305e-10	1.0239913567959816e-09	5.916149862770777e-10	1.3525645556133055e-09	5.908003785984337e-10	1.1816649420254304e-09	5.90800041656348e-10	5.918329243782118e-10	5.908004435069556e-10	5.908027435374238e-10	3.4420923299960542e-09	0.9999999860613434
SRR21939589	0.0	0.0	0.0	0.0	0.0	0.0	0.0	0.0	0.0	0.0	0.0	0.0	1.0
n54	0.9877514505961698	0.0001051412612715604	0.00018222966416641962	0.0001052839131820328	0.0002407026016862955	0.00010513894550661283	0.00021028931290881245	0.00010513888554405781	0.00010532269592194666	0.00010513895704377436	0.00010513933664724675	0.00061128135285852	0.010267742477093084
SRR21939552	0.0	0.0	0.0	0.0	0.0	0.0	0.0	0.0	0.0	0.0	0.0	0.0	1.0
n5656	8.244446733596427e-06	1.924462970901338e-06	3.3286844826258415e-06	1.923137342219051e-06	4.396777459809408e-06	1.920489249665513e-06	3.841187770780359e-06	1.9204881547737876e-06	1.9238479780509163e-06	1.9204894802428423e-06	1.920538600756805e-06	1.2984809372894667e-05	0.9999537506404038
SRR12574873	0.0	0.0	0.0	0.0	0.0	0.0	0.0	0.0	0.0	0.0	0.0	0.0	1.0
SRR26727931	0.0	1.0	0.0	0.0	0.0	0.0	0.0	0.0	0.0	0.0	0.0	0.0	0.0
n6868	7.094589951247417e-17	0.9999999999999992	3.078172938434285e-17	1.778426600204744e-17	4.065881582738083e-17	1.7759778463196208e-17	3.552148629667535e-17	1.775976833449751e-17	1.7790817128519393e-17	1.7759780412501916e-17	1.7759845555952128e-17	1.0312964794012924e-16	4.256256600234107e-16
SRR12051859	0.0	0.0	0.0	0.0	0.0	0.0	0.0	0.0	0.0	0.0	0.0	0.0	1.0
n6969	8.185325029119189e-07	8.766986806458736e-07	3.5493452070015696e-07	2.0506220846211992e-07	4.6882428653395895e-07	2.047798445332795e-07	4.0958200707168834e-07	2.047797277883133e-07	2.051379954137018e-07	2.0477986923166122e-07	2.0478534540776648e-07	1.1896699375355528e-06	0.9999946524330738
n6	1.8590643716397296e-16	4.6538246626502493e-17	8.066081553208917e-17	4.6602180825292163e-17	0.999999999999999	4.653795225602314e-17	9.308094396692285e-17	4.653793897240868e-17	4.6619277078477045e-17	4.6537965242012126e-17	4.653810875741146e-17	2.7024111327960976e-16	3.35242979366687e-16
n66	1.8590643716397296e-16	4.6538246626502493e-17	8.066081553208917e-17	4.6602180825292163e-17	0.999999999999999	4.653795225602314e-17	9.308094396692285e-17	4.653793897240868e-17	4.6619277078477045e-17	4.6537965242012126e-17	4.653810875741146e-17	2.7024111327960976e-16	3.35242979366687e-16
n8	0.0002438476483987186	6.0674682823438676e-05	0.00013371482652046497	0.0026444473138397327	0.9820045149991086	0.0011733849236326434	0.00018214455870354325	0.0028382602730064447	6.741930484547535e-05	0.0006795125037539869	6.100887456287574e-05	0.003107669448245975	0.006803400642558026
SRR14719256	0.0	0.0	0.0	0.0	0.0	0.0	0.0	1.0	0.0	0.0	0.0	0.0	0.0
n1919	6.208290179199435e-10	1.5541309056209724e-10	2.693643920329066e-10	1.5562636305248521e-10	0.9999999956885979	1.5541207783064284e-10	3.1084103864854907e-10	1.554119891962081e-10	1.5568368874568994e-10	1.5541209487223964e-10	1.554126301221018e-10	9.024619114263762e-10	1.1195337900777522e-09
n2020	4.042729814759831e-10	1.0120228222005873e-10	1.754053736654607e-10	1.0134116152992867e-10	0.9999999971924908	1.0120162274707551e-10	2.0241423939971955e-10	1.0120156502988424e-10	1.0137849101717491e-10	1.0120163384426484e-10	1.0120198238959916e-10	5.876673883950158e-10	7.290207933486175e-10
n2121	9.731745278621653e-11	2.436162883270243e-11	4.222395498164404e-11	2.43950601558443e-11	0.9999999993241703	2.4361470082962014e-11	4.872558664227817e-11	2.4361456189156852e-11	2.4404046189487595e-11	2.4361472754301054e-11	2.4361556656875974e-11	1.4146454486107722e-10	1.7549143743876178e-10
n2222	1.9908370567739572e-10	4.983693269290476e-11	8.637814888738351e-11	4.990532362902432e-11	0.9999999986174452	4.983660793628903e-11	9.9678629807129e-11	4.9836579513533003e-11	4.992370648666198e-11	4.9836613401085735e-11	4.9836785041784626e-11	2.8939604363453906e-10	3.590053446704009e-10
n27	1.8590725683832038e-16	4.6538451826829363e-17	8.066117041458332e-17	4.660231627662578e-17	0.999999999999999	4.653814856438323e-17	9.30813527395047e-17	4.6538122022800886e-17	4.661948245614051e-17	4.653815366748979e-17	4.653831394806741e-17	2.702422301658234e-16	3.3524440682314097e-16
ERR4326493	0.0	0.0	0.0	0.0	1.0	0.0	0.0	0.0	0.0	0.0	0.0	0.0	0.0
n49	4.460733228084131e-14	9.483910111061937e-15	1.6437011210907872e-14	9.496547229119471e-15	2.1711236729759167e-14	9.483471224919415e-15	1.8967972735377653e-14	9.483465816355313e-15	9.500045539538715e-15	9.483472266725275e-15	9.483508974838359e-15	5.52430566558671e-14	0.9999999999997766
SRR21939595	0.0	0.0	0.0	0.0	0.0	0.0	0.0	0.0	0.0	0.0	0.0	0.0	1.0
SRR6871408	1.0	0.0	0.0	0.0	0.0	0.0	0.0	0.0	0.0	0.0	0.0	0.0	0.0
n5454	0.9995525467138865	5.769780432294613e-06	1.000018562078746e-05	5.777647241055627e-06	1.3208994840032181e-05	5.769691875621187e-06	1.154001054240685e-05	5.769688585062424e-06	5.779775493042013e-06	5.76969250854961e-06	5.7697129265851936e-06	3.352745456522419e-05	0.00033877065148270156
n57	9.550972949792781e-05	2.382382627164532e-05	4.128765189484321e-05	2.385409287721971e-05	5.453582660313725e-05	2.382124762209141e-05	4.7645083426713056e-05	2.382123403662975e-05	2.38628810130113e-05	2.382125024642101e-05	2.3821358293242688e-05	0.00013944876941028117	0.9994547470488069
n5858	1.2469999479956984e-05	3.1159335789156165e-06	5.400305536145682e-06	3.1200473246047077e-06	7.133128440166227e-06	3.1157512621906395e-06	6.231841026175749e-06	3.115749485235369e-06	3.121196700104898e-06	3.1157516046635416e-06	3.1157640740270223e-06	1.8167804734648806e-05	0.9999287767267532
SRR26727914	0.0	1.0	0.0	0.0	0.0	0.0	0.0	0.0	0.0	0.0	0.0	0.0	0.0
SRR26728044	0.0	1.0	0.0	0.0	0.0	0.0	0.0	0.0	0.0	0.0	0.0	0.0	0.0
n70	1.9554319050924663e-05	4.914184670809191e-06	8.484193577378604e-06	4.901776955984998e-06	1.120655889021349e-05	4.8950275956344005e-06	9.790586958222072e-06	4.895024803909281e-06	4.903582555433245e-06	4.895028132458892e-06	4.895045127066816e-06	2.8424935735299393e-05	0.9998882397359466
n72	8.793582095594878e-07	8.905685852438908e-07	3.813259123244571e-07	2.2030994666609857e-07	5.036840146620839e-07	2.2000658782399334e-07	4.4003714764497016e-07	2.2000646239483755e-07	2.2039134968525108e-07	2.2000661418752078e-07	2.2001213317073837e-07	1.278088986382117e-06	0.9999943062040504
ERR4298303	0.0	0.0	0.0	0.0	1.0	0.0	0.0	0.0	0.0	0.0	0.0	0.0	0.0
ERR4298319	0.0	0.0	0.0	0.0	1.0	0.0	0.0	0.0	0.0	0.0	0.0	0.0	0.0
ERR7253677	0.0	0.0	0.0	0.0	1.0	0.0	0.0	0.0	0.0	0.0	0.0	0.0	0.0
ERR7253694	0.0	0.0	0.0	0.0	1.0	0.0	0.0	0.0	0.0	0.0	0.0	0.0	0.0
n88	1.2339264809226432e-10	3.088788248487104e-11	5.362770257694746e-11	3.92862963906907e-11	3.2462094906456903e-09	3.448634900336194e-11	6.197531958174517e-11	3.987078016828712e-11	3.096313447592941e-11	3.2889097238093824e-11	3.08888723798019e-11	1.8827275003963155e-10	0.9999999960872495
n9	2.252969304044052e-12	5.618809263868712e-13	1.1374117170699466e-12	1.536221457757518e-11	0.9999999998909747	6.935565567688827e-12	1.4720216769172334e-12	1.647209380664411e-11	6.008878019236996e-13	4.106628072983012e-12	5.637945662339768e-13	1.9045554037332125e-11	4.051434012535078e-11
ERR4326519	0.0	0.0	0.0	0.0	1.0	0.0	0.0	0.0	0.0	0.0	0.0	0.0	0.0
n20	1.4401049203353341e-07	3.605036973833219e-08	6.24830629904193e-08	3.609984145339617e-08	0.999998999906387	3.605013482026175e-08	7.210418589964254e-08	3.6050114260190964e-08	3.611313899756066e-08	3.6050138773312705e-08	3.6050262932451183e-08	2.0933941577259423e-07	2.596924552551338e-07
ERR4326544	0.0	0.0	0.0	0.0	1.0	0.0	0.0	0.0	0.0	0.0	0.0	0.0	0.0
ERR4326571	0.0	0.0	0.0	0.0	1.0	0.0	0.0	0.0	0.0	0.0	0.0	0.0	0.0
ERR4326535	0.0	0.0	0.0	0.0	1.0	0.0	0.0	0.0	0.0	0.0	0.0	0.0	0.0
ERR4326536	0.0	0.0	0.0	0.0	1.0	0.0	0.0	0.0	0.0	0.0	0.0	0.0	0.0
n23	1.9821051001829434e-10	4.96183442697985e-11	8.599928802376649e-11	4.9686435238281746e-11	0.9999999986235096	4.961802093758899e-11	9.924143206381208e-11	4.961799263949724e-11	4.970473746733158e-11	4.9618026378416496e-11	4.961819726628594e-11	2.881267314714528e-10	3.574307210341125e-10
ERR4326503	0.0	0.0	0.0	0.0	1.0	0.0	0.0	0.0	0.0	0.0	0.0	0.0	0.0
ERR4326497	0.0	0.0	0.0	0.0	1.0	0.0	0.0	0.0	0.0	0.0	0.0	0.0	0.0
n2727	1.859081394441079e-16	4.6538672770904504e-17	8.06615533582997e-17	4.6602537523901204e-17	0.999999999999999	4.653836950701862e-17	9.308179464877728e-17	4.653834296531027e-17	4.6619703784913404e-17	4.6538374610149024e-17	4.6538534891487966e-17	2.702435131569257e-16	3.35245998415953e-16
n4949	2.790352802356167e-12	6.984761448202584e-13	1.2106097316929737e-12	6.994346512696149e-13	1.5990640856923026e-12	6.984715849452452e-13	1.39701904743648e-12	6.984711865937495e-13	6.996922912746851e-13	6.984716615356804e-13	6.984740672091998e-13	4.055956310174759e-12	0.9999999999840555
n51	1.8455731103131963e-15	4.619800190085596e-16	8.007109632263014e-16	4.626139858861449e-16	1.0576390646759093e-15	4.61977002931153e-16	9.240041921290883e-16	4.619767394569739e-16	4.62784391898348e-16	4.61977053588929e-16	4.61978644729934e-16	2.6826554159139598e-15	0.9999999999999895
SRR25361432	1.0	0.0	0.0	0.0	0.0	0.0	0.0	0.0	0.0	0.0	0.0	0.0	0.0
SRR25361427	1.0	0.0	0.0	0.0	0.0	0.0	0.0	0.0	0.0	0.0	0.0	0.0	0.0
n5757	2.3227616764533078e-05	5.814345606551766e-06	1.0077501756169333e-05	5.822317208746306e-06	1.3311119771461825e-05	5.814300337217256e-06	1.1629232304522183e-05	5.814297021213064e-06	5.824461890488043e-06	5.814300974817338e-06	5.814321078868112e-06	3.376645744393892e-05	0.9998672697278415
SRR12051511	0.0	0.0	0.0	0.0	0.0	0.0	0.0	0.0	0.0	0.0	0.0	0.0	1.0
n59	6.420847774434591e-06	1.6072191115034758e-06	2.7856512692960063e-06	1.6094212266445278e-06	3.679497021144415e-06	1.6072051805372959e-06	3.2145849582617255e-06	1.607204263918263e-06	1.6100140663784709e-06	1.6072053567916353e-06	1.607210929220198e-06	9.33447454844925e-06	0.9999633094642935
n61	0.00025000633717422484	6.258187525957989e-05	0.00010846775484045928	6.266768205221068e-05	0.00014327234179028605	6.258139359740273e-05	0.00012516958565439115	6.258135790606338e-05	6.269076602552964e-05	6.258140046009227e-05	6.258161678721805e-05	0.0003634378702964788	0.9985713800181562
SRR7800557	0.0	0.0	0.0	0.0	0.0	0.0	0.0	0.0	0.0	0.0	0.0	0.0	1.0
n7070	1.7475902171739493e-12	4.3786549143658106e-13	7.582417826506933e-13	4.3807724416106006e-13	1.001542587407704e-12	4.3747404635794776e-13	8.749956171768538e-13	4.3747379685829107e-13	4.3823861209272893e-13	4.3747409433013906e-13	4.3747560377996347e-13	2.5403669883785905e-12	0.9999999999900131
n7272	1.3339449766535924e-11	3.34051611567348e-12	5.787700694957102e-12	3.3438673964702346e-12	7.64482894701861e-12	3.339263154904057e-12	6.6788890664137165e-12	3.339261250459463e-12	3.3450991260075155e-12	3.3392635210726067e-12	3.339275030466141e-12	1.9390757808564358e-11	0.9999999999237719
n7474	4.365299582346708e-08	1.0937785934323166e-08	1.8940095252684e-08	1.094271632244799e-08	2.5017497636274022e-08	1.0927649065392323e-08	2.185648524268898e-08	1.0927642833149032e-08	1.0946747126563325e-08	1.092765026368928e-08	1.0927687970733167e-08	6.345573938006566e-08	0.9999997505393071
SRR25404812	0.0	0.0	0.0	0.0	0.0	0.0	0.0	0.0	0.0	0.0	0.0	0.0	1.0
SRR15713776	0.0	0.0	0.0	0.0	0.0	0.0	0.0	0.0	0.0	0.0	0.0	0.0	1.0
ERR7253778	0.0	0.0	0.0	0.0	1.0	0.0	0.0	0.0	0.0	0.0	0.0	0.0	0.0
ERR4326532	0.0	0.0	0.0	0.0	1.0	0.0	0.0	0.0	0.0	0.0	0.0	0.0	0.0
ERR4326567	0.0	0.0	0.0	0.0	1.0	0.0	0.0	0.0	0.0	0.0	0.0	0.0	0.0
ERR4326553	0.0	0.0	0.0	0.0	1.0	0.0	0.0	0.0	0.0	0.0	0.0	0.0	0.0
n2323	1.2729743029687586e-14	3.1866563082593917e-15	5.523162405351757e-15	3.1910293383845567e-15	0.9999999999999116	3.1866355427816183e-15	6.373617261536461e-15	3.1866337253833966e-15	3.19220476885317e-15	3.186635892209802e-15	3.1866468672013136e-15	1.8504464023006984e-14	2.2955398425947667e-14
ERR4326554	0.0	0.0	0.0	0.0	1.0	0.0	0.0	0.0	0.0	0.0	0.0	0.0	0.0
n28	1.8590637546492864e-16	4.653823119126177e-17	8.066078800557703e-17	4.660209533828126e-17	0.999999999999999	4.653792793025338e-17	9.30809114472767e-17	4.6537901388796874e-17	4.6619261436412334e-17	4.653793303333575e-17	4.6538093313153493e-17	2.70240948966181e-16	3.3524281745269397e-16
n2828	1.86168086821231e-16	4.6603745800830796e-17	8.077433894849958e-17	4.666769985317222e-17	0.999999999999999	4.660344211290402e-17	9.32119469296253e-17	4.6603415534083543e-17	4.668489011703087e-17	4.660344722316992e-17	4.660360772862338e-17	2.7062138306966717e-16	3.3571475851564433e-16
SRR21939593	0.0	0.0	0.0	0.0	0.0	0.0	0.0	0.0	0.0	0.0	0.0	0.0	1.0
n50	1.382303419156031e-12	3.4603375479913686e-13	5.997510996211471e-13	3.4650861484031156e-13	7.921962120820416e-13	3.4603149981978797e-13	6.921005903177834e-13	3.460313024715086e-13	3.4663625289703004e-13	3.4603153776362123e-13	3.4603272952082316e-13	2.009369281727627e-12	0.999999999992101
n5151	1.8405858888867916e-15	4.60756718753741e-16	7.985907298623838e-16	4.61389012548963e-16	1.0548385015057346e-15	4.607537162857177e-16	9.215574859471626e-16	4.607534535091983e-16	4.615589673333675e-16	4.607537668093287e-16	4.607553536767496e-16	2.675549322203563e-15	0.9999999999999895
n52	2.8962141004483377e-13	7.250137653399688e-14	1.256605163760121e-13	7.260086975604148e-14	1.6598183003620793e-13	7.250090408713757e-14	1.4500968421491152e-13	7.250086273850693e-14	7.262761262340799e-14	7.250091203717104e-14	7.250116173526054e-14	4.2100527447334024e-13	0.999999999998345
SRR12051579	0.0	0.0	0.0	0.0	0.0	0.0	0.0	0.0	0.0	0.0	0.0	0.0	1.0
n58	3.391030533711504e-09	8.488806584172036e-10	1.4712931320876286e-09	8.50045536252853e-10	1.9433942627973062e-09	8.488750906235956e-10	1.6978423976852905e-09	8.488746064941557e-10	8.503586544922376e-10	8.488751837065517e-10	8.488781076786571e-10	4.929346854357489e-09	0.9999999806223049
ERR374018	0.0	0.0	0.0	0.0	0.0	0.0	0.0	0.0	0.0	0.0	0.0	0.0	1.0
n5959	2.9793634693134252e-12	7.458274204429712e-13	1.2926796538529912e-12	7.468508793820007e-13	1.7074681911756695e-12	7.458225246524404e-13	1.4917260707625443e-12	7.458220992958185e-13	7.471259853902644e-13	7.458226064352456e-13	7.458251754822079e-13	4.330931012722273e-12	0.9999999999829747
n6161	1.5042203507832782e-08	3.765535936677317e-09	6.526485497077331e-09	3.770703297714888e-09	8.620671295596763e-09	3.765511336809196e-09	7.531431735014403e-09	3.765509189267214e-09	3.772092253812212e-09	3.7655117497138885e-09	3.7655247190606925e-09	2.1865964843726045e-08	0.9999999140428546
n6363	7.089940161069303e-05	1.774833841690759e-05	3.076169599107881e-05	1.777269382726076e-05	4.063235408298919e-05	1.7748222230247408e-05	3.5498372515427384e-05	1.774821210810211e-05	1.7779240481828275e-05	1.7748224176418318e-05	1.774828530821894e-05	0.00010306234245757949	0.9995948526167932
SRR21939556	0.0	0.0	0.0	0.0	0.0	0.0	0.0	0.0	0.0	0.0	0.0	0.0	1.0
n71	1.8666548673313104e-15	4.672884022981217e-16	8.099014991894792e-16	4.6792385508801865e-16	1.0697786135341557e-15	4.672795608621647e-16	9.346098840272432e-16	4.672792943638333e-16	4.680962170141726e-16	4.672796121013776e-16	4.672812214854165e-16	2.7134442333515136e-15	0.9999999999999893
SRR12051688	0.0	0.0	0.0	0.0	0.0	0.0	0.0	0.0	0.0	0.0	0.0	0.0	1.0
n73	2.0395722918804335e-15	5.10587655647904e-16	8.84926656136075e-16	5.112699418206155e-16	1.1688774650132687e-15	5.105659634534816e-16	1.021187391572808e-15	5.105656722681039e-16	5.114582704837198e-16	5.105660194392847e-16	5.105677779938989e-16	2.9648039199373397e-15	0.9999999999999883
n75	8.61165886064333e-12	2.155769943571549e-12	3.73641403096482e-12	2.158728264373843e-12	4.935335748396571e-12	2.1557558658935623e-12	4.311745919498515e-12	2.1557546364254038e-12	2.1595234419502063e-12	2.1557561022813915e-12	2.1557635268527566e-12	1.2518252033324276e-11	0.9999999999507896
n76	3.3359930112710707e-09	8.358710040144295e-10	1.4474155607477006e-09	8.362501703834862e-10	1.9118549767889457e-09	8.350987198744574e-10	1.6702881596853704e-09	8.350982436019891e-10	8.365582073022154e-10	8.350988114491502e-10	8.351016930313691e-10	4.8493327693046645e-09	0.9999999809360386
n24	4.0428336510311176e-10	1.0120488156953619e-10	1.7540987889850567e-10	1.0134376444647844e-10	0.9999999971924184	1.0120422207961461e-10	2.024194383471728e-10	1.0120416436094086e-10	1.0138109489252026e-10	1.0120423317708896e-10	1.0120458173137557e-10	5.876824824510484e-10	7.290395180233646e-10
n2424	1.8596672930784382e-16	4.655333966232869e-17	8.068697424322773e-17	4.6617224542616136e-17	0.999999999999999	4.6553036302867697e-17	9.311112983378357e-17	4.6553009752794597e-17	4.663439621365985e-17	4.655304140760638e-17	4.655320173945877e-17	2.703286817281283e-16	3.3535165283982034e-16
ERR4326534	0.0	0.0	0.0	0.0	1.0	0.0	0.0	0.0	0.0	0.0	0.0	0.0	0.0
ERR4326558	0.0	0.0	0.0	0.0	1.0	0.0	0.0	0.0	0.0	0.0	0.0	0.0	0.0
n29	5.5202529186076706e-14	1.3818934714741195e-14	2.395119313640652e-14	1.3837898359376677e-14	0.9999999999996168	1.3818844665249214e-14	2.7639190522566332e-14	1.3818836784101923e-14	1.3842995613468807e-14	1.3818846180544495e-14	1.3818893773593924e-14	8.024460611031038e-14	9.95460826374195e-14
ERR4326504	0.0	0.0	0.0	0.0	1.0	0.0	0.0	0.0	0.0	0.0	0.0	0.0	0.0
SRR21939573	0.0	0.0	0.0	0.0	0.0	0.0	0.0	0.0	0.0	0.0	0.0	0.0	1.0
n5050	1.3520581524671178e-12	3.384628134790019e-13	5.866290262215e-13	3.3892728405141834e-13	7.748635938534988e-13	3.3846060792517034e-13	6.769579840746187e-13	3.3846041489471316e-13	3.390521294896994e-13	3.384606450388174e-13	3.3846181072038275e-13	1.965405851555095e-12	0.9999999999922738
SRR21939596	0.0	0.0	0.0	0.0	0.0	0.0	0.0	0.0	0.0	0.0	0.0	0.0	1.0
SRR24927426	0.0	0.0	0.0	0.0	0.0	0.0	0.0	0.0	0.0	0.0	0.0	0.0	1.0
n5252	2.0161121556607214e-09	5.046964816187373e-10	8.747478120451927e-10	5.053890736979216e-10	1.1554324846873408e-09	5.046931928224073e-10	1.0094412123279482e-09	5.046929049863752e-10	5.055752361090857e-10	5.046932481641673e-10	5.04694986362161e-10	2.930701331814905e-09	0.9999999884791299
n53	9.966867425361312e-10	2.4950213747861596e-10	4.324409953483558e-10	2.4984452782697544e-10	5.712004841347366e-10	2.495005116267556e-10	4.990281274143898e-10	2.4950036933191523e-10	2.4993655921850736e-10	2.4950053898555024e-10	2.495013982824358e-10	1.4488237450239126e-09	0.9999999943045338
SRR12051581	0.0	0.0	0.0	0.0	0.0	0.0	0.0	0.0	0.0	0.0	0.0	0.0	1.0
SRR12051580	0.0	0.0	0.0	0.0	0.0	0.0	0.0	0.0	0.0	0.0	0.0	0.0	1.0
n60	1.8850012859347105e-15	4.718752755983585e-16	8.178615850481885e-16	4.7252282679216065e-16	1.0802928916544826e-15	4.71872200145232e-16	9.437956615081891e-16	4.718719310276318e-16	4.726968827690231e-16	4.718722518880321e-16	4.718738770539874e-16	2.7401134578339832e-15	0.9999999999999892
n6060	7.261993811827878e-12	1.8179061012606809e-12	3.1508231993066404e-12	1.8204008014039523e-12	4.1618434797501715e-12	1.8178942531435766e-12	3.6359859908456183e-12	1.817893216364257e-12	1.8210713544900022e-12	1.817894452483438e-12	1.8179007134568591e-12	1.0556325383461561e-11	0.9999999999585022
SRR21939512	0.0	0.0	0.0	0.0	0.0	0.0	0.0	0.0	0.0	0.0	0.0	0.0	1.0
n62	2.009280274041696e-09	5.029862460359027e-10	8.717836050608597e-10	5.0367649116677e-10	1.1515171378938146e-09	5.029829683822656e-10	1.0060205776596795e-09	5.029826815216087e-10	5.038620227402136e-10	5.029830235364901e-10	5.029847558443782e-10	2.920770235691514e-09	0.9999999885181701
n64	5.9817223757603105e-12	1.4974137486084176e-12	2.5953408550772784e-12	1.4994686383933404e-12	3.428120758349968e-12	1.4974039883974842e-12	2.994970645313915e-12	1.4974031343997968e-12	1.5000209746277841e-12	1.4974041525942208e-12	1.4974093097830291e-12	8.695271714082098e-12	0.9999999999658181
n6464	3.489441152412755e-12	8.7351703080885e-13	1.513993330243384e-12	8.747157480057974e-13	1.999795885484864e-12	8.735113334422835e-13	1.7471175596435789e-12	8.735108352623236e-13	8.750379536146906e-13	8.735114292265497e-13	8.735144377152688e-13	5.0723926485543895e-12	0.99999999998006
SRR21939557	0.0	0.0	0.0	0.0	0.0	0.0	0.0	0.0	0.0	0.0	0.0	0.0	1.0
n7171	1.8405862033617506e-15	4.607567979384628e-16	7.985908669568724e-16	4.613890917558563e-16	1.0548386825904122e-15	4.607537953835493e-16	9.215576441514185e-16	4.607535326069848e-16	4.61559046569437e-16	4.60753845907169e-16	4.607554327748624e-16	2.675549781477885e-15	0.9999999999999895
n7373	1.840616239082854e-15	4.607643170145463e-16	7.986038988118408e-16	4.613966209625798e-16	1.0548558960413738e-15	4.607613142231494e-16	9.215726826474178e-16	4.607610514422967e-16	4.615665785495787e-16	4.607613647475896e-16	4.607629516411859e-16	2.675593442604328e-15	0.9999999999999895
SRR12051689	0.0	0.0	0.0	0.0	0.0	0.0	0.0	0.0	0.0	0.0	0.0	0.0	1.0
SRR12051573	0.0	0.0	0.0	0.0	0.0	0.0	0.0	0.0	0.0	0.0	0.0	0.0	1.0
n7575	1.9690177872037257e-15	4.929072757951032e-16	8.543145759021376e-16	4.935836891690382e-16	1.1284427346338093e-15	4.929040633764873e-16	9.858616727394953e-16	4.929037822640195e-16	4.93765503012014e-16	4.929041174255209e-16	4.929058150209518e-16	2.862243072699707e-15	0.9999999999999888
SRR12051697	0.0	0.0	0.0	0.0	0.0	0.0	0.0	0.0	0.0	0.0	0.0	0.0	1.0
SRR12051696	0.0	0.0	0.0	0.0	0.0	0.0	0.0	0.0	0.0	0.0	0.0	0.0	1.0
ERR4326518	0.0	0.0	0.0	0.0	1.0	0.0	0.0	0.0	0.0	0.0	0.0	0.0	0.0
ERR4326517	0.0	0.0	0.0	0.0	1.0	0.0	0.0	0.0	0.0	0.0	0.0	0.0	0.0
n25	1.8654398539738769e-16	4.6697845074176837e-17	8.093743327642214e-17	4.6761928258409906e-17	0.999999999999999	4.6697540773063015e-17	9.340015447222783e-17	4.66975141405763e-17	4.6779153231739004e-17	4.6697545893647614e-17	4.6697706723182936e-17	2.711678042866995e-16	3.363926120719415e-16
ERR4326561	0.0	0.0	0.0	0.0	1.0	0.0	0.0	0.0	0.0	0.0	0.0	0.0	0.0
n2929	3.0548244680936567e-10	7.647189451643362e-11	1.3254228005840253e-10	7.657683645748389e-11	0.9999999978785502	7.647139619616552e-11	1.529510997621707e-10	7.647135258308848e-11	7.660504389064015e-11	7.647140458157978e-11	7.647166795431722e-11	4.440615127470317e-10	5.50872964386493e-10
n3030	1.2856342848544456e-09	3.218348237188636e-10	5.578091350767535e-10	3.2227647579656083e-10	0.9999999910717988	3.218327265194081e-10	6.437004149149986e-10	3.2183254297214344e-10	3.2239518783233306e-10	3.218327618097385e-10	3.21833870223735e-10	1.868849458732338e-09	2.318369441556278e-09
SRR21939597	0.0	0.0	0.0	0.0	0.0	0.0	0.0	0.0	0.0	0.0	0.0	0.0	1.0
SRR24927427	0.0	0.0	0.0	0.0	0.0	0.0	0.0	0.0	0.0	0.0	0.0	0.0	1.0
SRR21939574	0.0	0.0	0.0	0.0	0.0	0.0	0.0	0.0	0.0	0.0	0.0	0.0	1.0
SRR21939594	0.0	0.0	0.0	0.0	0.0	0.0	0.0	0.0	0.0	0.0	0.0	0.0	1.0
SRR21939572	0.0	0.0	0.0	0.0	0.0	0.0	0.0	0.0	0.0	0.0	0.0	0.0	1.0
SRR21939590	0.0	0.0	0.0	0.0	0.0	0.0	0.0	0.0	0.0	0.0	0.0	0.0	1.0
ERR349292	0.0	0.0	0.0	0.0	0.0	0.0	0.0	0.0	0.0	0.0	0.0	0.0	1.0
ERR349326	0.0	0.0	0.0	0.0	0.0	0.0	0.0	0.0	0.0	0.0	0.0	0.0	1.0
ERR373953	0.0	0.0	0.0	0.0	0.0	0.0	0.0	0.0	0.0	0.0	0.0	0.0	1.0
SRR3321825	0.0	0.0	0.0	0.0	0.0	0.0	0.0	0.0	0.0	0.0	0.0	0.0	1.0
SRR21939511	0.0	0.0	0.0	0.0	0.0	0.0	0.0	0.0	0.0	0.0	0.0	0.0	1.0
n6262	2.735886082709663e-12	6.848786046830192e-13	1.1870422774526304e-12	6.858184596534461e-13	1.5679344254194639e-12	6.848741417506954e-13	1.3698226839056222e-12	6.848737511540776e-13	6.860710840664269e-13	6.848742168500673e-13	6.848765756036151e-13	3.97699352378749e-12	0.9999999999843661
SRR29263891	0.0	0.0	0.0	0.0	0.0	0.0	0.0	0.0	0.0	0.0	0.0	0.0	1.0
SRR29263882	0.0	0.0	0.0	0.0	0.0	0.0	0.0	0.0	0.0	0.0	0.0	0.0	1.0
SRR29263892	0.0	0.0	0.0	0.0	0.0	0.0	0.0	0.0	0.0	0.0	0.0	0.0	1.0
n65	1.8926383068081645e-15	4.737870788810625e-16	8.211751530937166e-16	4.744372540870526e-16	1.0846697007269389e-15	4.737839914248092e-16	9.476194517522126e-16	4.737837212168785e-16	4.746120152518365e-16	4.737840433772454e-16	4.737856751226614e-16	2.7512148221902493e-15	0.9999999999999892
SRR21939555	0.0	0.0	0.0	0.0	0.0	0.0	0.0	0.0	0.0	0.0	0.0	0.0	1.0
SRR21939558	0.0	0.0	0.0	0.0	0.0	0.0	0.0	0.0	0.0	0.0	0.0	0.0	1.0
n74	1.8405858149456133e-15	4.607567006192102e-16	7.985906984314694e-16	4.613889943896256e-16	1.0548384599894266e-15	4.607536981513842e-16	9.215574496765256e-16	4.607534353748752e-16	4.615589491673409e-16	4.607537486749932e-16	4.607553355423517e-16	2.675549216860662e-15	0.9999999999999895
SRR7800408	0.0	0.0	0.0	0.0	0.0	0.0	0.0	0.0	0.0	0.0	0.0	0.0	1.0
SRR12051572	0.0	0.0	0.0	0.0	0.0	0.0	0.0	0.0	0.0	0.0	0.0	0.0	1.0
SRR12051571	0.0	0.0	0.0	0.0	0.0	0.0	0.0	0.0	0.0	0.0	0.0	0.0	1.0
n2525	1.3449040201004285e-13	3.366719084322024e-14	5.835250016674871e-14	3.3713392135592275e-14	0.999999999999066	3.366697145485968e-14	6.733760027701182e-14	3.366695225395198e-14	3.372581062007307e-14	3.366697514658647e-14	3.366709109794704e-14	1.955006318376296e-13	2.4252498698570935e-13
ERR4326533	0.0	0.0	0.0	0.0	1.0	0.0	0.0	0.0	0.0	0.0	0.0	0.0	0.0
ERR4326542	0.0	0.0	0.0	0.0	1.0	0.0	0.0	0.0	0.0	0.0	0.0	0.0	0.0
n30	9.149017617339807e-07	2.2902877643860506e-07	3.9695624673762225e-07	2.2934307131135294e-07	0.9999936463837081	2.290272839990362e-07	4.5807944807671693e-07	2.2902715338046311e-07	2.2942755089621352e-07	2.2902730911285418e-07	2.2902809789853868e-07	1.3299378231838234e-06	1.6498317689701415e-06
n31	4.193640998625606e-13	1.0498006528238202e-13	1.8195308617882756e-13	1.0512412882222211e-13	0.9999999999970878	1.0497938119191181e-13	2.0997016668122736e-13	1.0497932132019419e-13	1.0516285178302905e-13	1.0497939270334804e-13	1.0497975425954256e-13	6.096044421595767e-13	7.562344326537628e-13
ERR4326543	0.0	0.0	0.0	0.0	1.0	0.0	0.0	0.0	0.0	0.0	0.0	0.0	0.0
SRR21939509	0.0	0.0	0.0	0.0	0.0	0.0	0.0	0.0	0.0	0.0	0.0	0.0	1.0
n63	1.88136935317307e-15	4.709661069727023e-16	8.16285800726134e-16	4.716124110527455e-16	1.0782114775947163e-15	4.709630379764629e-16	9.41977238404926e-16	4.709627693773751e-16	4.717861316734428e-16	4.709630896195656e-16	4.70964711648595e-16	2.7348338005400723e-15	0.9999999999999892
n6565	1.8406140472476195e-15	4.607637680550963e-16	7.986029478215615e-16	4.613960715241171e-16	1.0548546399021228e-15	4.6076076554122e-16	9.215715852239539e-16	4.607605027606803e-16	4.615660289087278e-16	4.607608160656039e-16	4.607624029573029e-16	2.6755902564652453e-15	0.9999999999999895
SRR29263893	0.0	0.0	0.0	0.0	0.0	0.0	0.0	0.0	0.0	0.0	0.0	0.0	1.0
SRR12051687	0.0	0.0	0.0	0.0	0.0	0.0	0.0	0.0	0.0	0.0	0.0	0.0	1.0
SRR12051686	0.0	0.0	0.0	0.0	0.0	0.0	0.0	0.0	0.0	0.0	0.0	0.0	1.0
ERR4326560	0.0	0.0	0.0	0.0	1.0	0.0	0.0	0.0	0.0	0.0	0.0	0.0	0.0
ERR4326559	0.0	0.0	0.0	0.0	1.0	0.0	0.0	0.0	0.0	0.0	0.0	0.0	0.0
ERR4326545	0.0	0.0	0.0	0.0	1.0	0.0	0.0	0.0	0.0	0.0	0.0	0.0	0.0
ERR4326557	0.0	0.0	0.0	0.0	1.0	0.0	0.0	0.0	0.0	0.0	0.0	0.0	0.0
ERR4326556	0.0	0.0	0.0	0.0	1.0	0.0	0.0	0.0	0.0	0.0	0.0	0.0	0.0
ERR4326555	0.0	0.0	0.0	0.0	1.0	0.0	0.0	0.0	0.0	0.0	0.0	0.0	0.0
SRR21939508	0.0	0.0	0.0	0.0	0.0	0.0	0.0	0.0	0.0	0.0	0.0	0.0	1.0
SRR21939507	0.0	0.0	0.0	0.0	0.0	0.0	0.0	0.0	0.0	0.0	0.0	0.0	1.0
n6666	1.840585814912918e-15	4.607567006110216e-16	7.985906984172834e-16	4.613889943814296e-16	1.0548384599706888e-15	4.607536981431996e-16	9.215574496601554e-16	4.607534353666905e-16	4.61558949159142e-16	4.607537486668047e-16	4.60755335534167e-16	2.6755492168131345e-15	0.9999999999999895
SRR29263880	0.0	0.0	0.0	0.0	0.0	0.0	0.0	0.0	0.0	0.0	0.0	0.0	1.0
SRR29263895	0.0	0.0	0.0	0.0	0.0	0.0	0.0	0.0	0.0	0.0	0.0	0.0	1.0
SRR29263897	0.0	0.0	0.0	0.0	0.0	0.0	0.0	0.0	0.0	0.0	0.0	0.0	1.0
