node	France	Germany	Ireland	UK	USA
Node_144	0.01171610318977714	0.13103737690672	0.04036565569157118	0.14094976637347867	0.675931097838453
Node_1	0.005214083102057869	0.05729504258408365	0.015613959089773359	0.060936072921936264	0.8609408423021488
Node_143	0.011687017153956356	0.1309421805235343	0.04079499925658472	0.14100353656297182	0.6755722665029529
SRR30795561	0.0	0.0	0.0	0.0	1.0
SRR30795560	0.0	0.0	0.0	0.0	1.0
Node_2	0.003821567266384249	0.04199516253767057	0.011448119339009426	0.044665150458458945	0.8980700003984768
Node_142	0.011647491208368381	0.13084883676871328	0.04146134386029326	0.141139799479423	0.6749025286832021
SRR12051563	0.0	0.0	0.0	0.0	1.0
SRR12051599	0.0	0.0	0.0	0.0	1.0
Node_24	0.012009409797705374	0.132582507006217	0.03603197759294923	0.1403143925743473	0.679061713028781
Node_141	0.007895499239533853	0.12030651704597045	0.10107949399157741	0.15131922738174575	0.6193992623411725
Node_22	0.012009416637075627	0.1325823671273293	0.036031956816882954	0.14031441210848855	0.6790618473102236
Node_23	1.635358608610332e-10	0.9999999881843719	4.897208415892629e-10	1.9112145583855127e-09	9.251156816002173e-09
Node_49	0.002502327844387585	0.19719606028291561	0.011429550296759341	0.09903732078756591	0.6898347407883715
Node_140	0.007895197932393318	0.12029385359377702	0.10110808118500882	0.15132831269928307	0.6193745545895377
SRR12051618	0.0	0.0	0.0	0.0	1.0
Node_21	0.012045604928396006	0.13241393881502128	0.03597474761986877	0.14033533002556148	0.6792303786111525
ERR7253673	0.0	1.0	0.0	0.0	0.0
ERR4298299	0.0	1.0	0.0	0.0	0.0
ERR5412066	0.0	0.0	0.0	1.0	0.0
Node_48	0.0024995313316469423	0.19722352030884796	0.011415405848677443	0.0990054085749535	0.6898561339358742
Node_124	0.007896089257360813	0.12029675507154888	0.10109605557545277	0.15132025852379336	0.6193908415718441
Node_139	0.007895324631477324	0.12028221711853497	0.10112700557344777	0.15134204757313485	0.6193534051034052
Node_9	0.012339765533231626	0.13461566003113823	0.0358386229807609	0.1398594782560579	0.6773464731988114
Node_20	2.7084994948755957e-07	2.976239380842773e-06	8.110802535354738e-07	0.9999806199560185	1.5321874397588977e-05
Node_46	0.002498283483825411	0.19729685636430092	0.011407665555783198	0.09900371929661436	0.6897934752994761
Node_47	6.810890312873117e-10	1.3655261603456628e-08	2.1824505368802585e-09	1.0496946988962702e-08	0.9999999729842518
Node_101	0.008915897012336868	0.12273886048347427	0.0885221363927523	0.1402761355787328	0.6395469705327038
Node_123	0.007897368261388626	0.12030115699935082	0.10107484477789239	0.15131611891112987	0.6194105110502384
SRR12574869	0.0	0.0	0.0	0.0	1.0
Node_138	0.007457852666255214	0.0986513453762463	0.14360146976266167	0.17765853325882924	0.5726307989360075
Node_3	1.6353922511356295e-10	0.999999988184562	4.897118279558504e-10	1.911181775666021e-09	9.251005176201315e-09
Node_6	0.14279842842384055	0.7142095844644417	8.250631117821643e-06	3.219945665105762e-05	0.14295153702394872
ERR459982	0.0	0.0	0.0	1.0	0.0
Node_19	5.412895473471471e-07	5.94796958950239e-06	1.6209317096270347e-06	0.9999612692730887	3.0620536064746895e-05
Node_32	0.002499179589353606	0.1972080014906632	0.011408067277579948	0.0990326591078713	0.689852092534532
Node_45	0.0024990253639661964	0.197467517589405	0.01140725407105122	0.09898380300105962	0.6896423999745179
SRR31495972	0.0	0.0	0.0	0.0	1.0
SRR31495970	0.0	0.0	0.0	0.0	1.0
Node_99	0.00871360286514748	0.12221974416064456	0.09303538671261394	0.12363933425739133	0.6523919320042028
Node_100	0.011621481484123165	0.12953355286251378	0.03937126208739294	0.13848502802881385	0.6809886755371563
ERR1413182	0.0	1.0	0.0	0.0	0.0
Node_122	0.008797664132050737	0.12261298962663952	0.08625988332467235	0.1484903273093211	0.6338391356073163
Node_133	0.0074935051826238025	0.09415675508593015	0.18491298399643935	0.1515962088709321	0.5618405468640746
Node_137	0.007692612006241227	0.09659558451241428	0.11064523206365923	0.21261689075011794	0.5724496806675672
ERR4298320	0.0	1.0	0.0	0.0	0.0
ERR7253695	0.0	1.0	0.0	0.0	0.0
ERR1413186	0.0	1.0	0.0	0.0	0.0
Node_4	0.42853325720391267	0.142817339581239	4.950776845676935e-06	1.9321229548394558e-05	0.42862513120845436
Node_15	2.674900156224515e-11	2.9393186731377283e-10	8.010187130426696e-11	0.9999999980860368	1.5131804959577463e-09
Node_18	7.938098494974412e-11	8.72279329049956e-10	2.3771225350895273e-10	0.9999999943200764	4.490551092044687e-09
Node_26	0.0023190018595379337	0.04491495170045261	0.007393654498202927	0.035095382975249535	0.9102770089665569
Node_31	0.0021927137509516223	0.04211699742110663	0.006982874336806114	0.305467672226143	0.6432397422649926
Node_41	0.002501983642534016	0.1974437304774338	0.01141481359317903	0.0990109596065936	0.6896285126802596
Node_44	0.002499861073358982	0.19764400272818794	0.011407164258535947	0.09894746749731044	0.6895015044426067
Node_98	0.008221337239587373	0.12086943573066541	0.10031095531758566	0.1171828234676376	0.6534154482445239
ERR7253742	0.0	1.0	0.0	0.0	0.0
ERR373970	0.0	0.0	0.0	0.0	1.0
ERR374014	0.0	0.0	0.0	0.0	1.0
SRR12051841	0.0	0.0	0.0	0.0	1.0
Node_121	0.010924695896069602	0.12659333254679522	0.047833953502653695	0.13921016639594525	0.6754378516585362
ERR373966	0.0	0.0	0.0	0.0	1.0
Node_132	0.006381658894402371	0.07548794271729609	0.305355233231305	0.10364307204057308	0.5091320931164236
SRR12051653	0.0	0.0	0.0	0.0	1.0
Node_136	0.007518723445006151	0.08863575562593375	0.06620042620610342	0.31695453519163436	0.5206905595313224
SRR315577	0.0	0.0	0.0	0.0	1.0
SRR20982494	1.0	0.0	0.0	0.0	0.0
Node_14	9.048134668352912e-15	9.942558463669312e-14	2.709531109279892e-14	0.9999999999993525	5.118494188709051e-13
ERR5414349	0.0	0.0	0.0	1.0	0.0
ERR3198414	0.0	0.0	0.0	1.0	0.0
Node_17	1.1421596916992791e-14	1.2550641569565693e-13	3.4202820027097876e-14	0.9999999999991827	6.461152446140635e-13
SRR12574870	0.0	0.0	0.0	0.0	1.0
Node_25	5.537432638942386e-10	8.004793141754906e-09	1.7026102632464631e-09	7.2612854088637776e-09	0.9999999824775679
Node_27	1.7045803049933188e-10	2.241777688218146e-09	5.189725560037384e-10	0.9999999768043958	2.026439596611044e-08
Node_30	0.0021926349038414086	0.04209895279526554	0.00698224110678356	0.30520001588893825	0.6435261553051711
Node_40	3.4991428362225716e-09	4.0002048153952505e-08	1.0514255057248587e-08	0.9999997430353148	2.0294923921671938e-07
SRR12051732	0.0	0.0	0.0	0.0	1.0
SRR12051868	0.0	0.0	0.0	0.0	1.0
ERR1413193	0.0	1.0	0.0	0.0	0.0
Node_96	0.008221274977687407	0.12087652373128782	0.10028090571695795	0.11718304357280793	0.6534382520012589
Node_97	0.0035979841745230738	0.04114470023887789	0.4478815864259717	0.04316057646821135	0.4642151526924159
Node_108	0.011135197222536367	0.12618234360044864	0.042173636308134976	0.13687077766022626	0.6836380452086538
Node_120	0.010924995714105446	0.12659451192991736	0.0478299645855813	0.1392099486671671	0.6754405791032289
Node_129	0.007949801768267525	0.08845386026042935	0.08237525105451933	0.09885430202139907	0.7223667848953848
Node_131	0.005440765869584506	0.06313044333985311	0.40052487561709327	0.08170895484047265	0.44919496033299644
Node_134	1.7298896184121355e-10	1.9317248325132587e-09	7.41913787497431e-10	0.9999999868787393	1.0274633252007413e-08
Node_135	8.378157679663597e-10	9.228618678764317e-09	2.670579049361414e-09	1.0639243054536349e-08	0.9999999766237435
ERR5411988	0.0	0.0	0.0	1.0	0.0
Node_13	7.842284792915882e-15	8.617508237915999e-14	2.3484304105874274e-14	0.9999999999994389	4.436349657699774e-13
ERR494875	0.0	0.0	0.0	1.0	0.0
Node_16	7.842038169149738e-15	8.617237234963092e-14	2.3483565572694618e-14	0.9999999999994389	4.4362101436054237e-13
SRR5483263	0.0	0.0	0.0	0.0	1.0
SRR5483258	0.0	0.0	0.0	0.0	1.0
ERR340544	0.0	0.0	0.0	1.0	0.0
ERR374174	0.0	0.0	0.0	1.0	0.0
SRR19357813	0.0	0.0	0.0	0.0	1.0
Node_29	1.8494028029824877e-06	2.0880035209229958e-05	5.551069861896211e-06	3.027551843286383e-05	0.999941443973693
Node_33	1.656309280027016e-13	1.889988484355597e-12	4.976085523468106e-13	0.9999999999878516	9.595266315892748e-12
Node_39	2.7523208072397686e-10	3.0300601773951182e-09	8.243337113109136e-10	0.999999980282325	1.5588048878707535e-08
Node_55	0.008222107322280696	0.12088848138852701	0.10025750977503103	0.11719423536939112	0.6534376661447701
Node_95	0.008221595319702202	0.12087520328990553	0.10025379858488222	0.1171795279864729	0.6534698748190371
ERR374028	0.0	0.0	0.0	0.0	1.0
ERR4020087	0.0	0.0	1.0	0.0	0.0
SRR12051531	0.0	0.0	0.0	0.0	1.0
Node_107	0.010204080788840662	0.11278693011779382	0.032079181695569975	0.12041474249569402	0.7245150649021016
Node_115	0.0038970267882985454	0.042843948325235706	0.01171935908416747	0.04662182988345866	0.8949178359188397
Node_119	0.011958436907877472	0.13175558874941456	0.036546809662408794	0.1403179746103348	0.6794211900699644
Node_127	0.001827061361642991	0.020106878566927586	0.007082273736980223	0.021516106227896264	0.949467680106553
Node_128	8.145394195682509e-10	8.964421809098349e-09	3.1779671555762303e-09	9.59438439895574e-09	0.9999999774486872
SRR12574861	0.0	0.0	0.0	0.0	1.0
Node_130	4.141928016604482e-08	4.6463062849951465e-07	0.999996213934599	5.355082838783271e-07	2.7445072084931964e-06
ERR363320	0.0	0.0	0.0	1.0	0.0
ERR330834	0.0	0.0	0.0	1.0	0.0
SRR12051725	0.0	0.0	0.0	0.0	1.0
SRR12051724	0.0	0.0	0.0	0.0	1.0
SRR6388744	0.0	0.0	0.0	1.0	0.0
Node_12	7.842230414588512e-15	8.617448484196715e-14	2.348414126593535e-14	0.9999999999994389	4.436318896093892e-13
ERR494915	0.0	0.0	0.0	1.0	0.0
ERR494859	0.0	0.0	0.0	1.0	0.0
SRR7800725	0.0	0.0	0.0	0.0	1.0
Node_28	2.7210134593217026e-07	3.072011247879895e-06	8.167237979933246e-07	4.453580780480033e-06	0.9999913855828276
ERR3198447	0.0	0.0	0.0	1.0	0.0
ERR3198444	0.0	0.0	0.0	1.0	0.0
Node_38	9.840634948925082e-05	0.0010813398791580731	0.0002946851203135606	0.9929587601643565	0.005566808486682758
ERR3198445	0.0	0.0	0.0	1.0	0.0
Node_53	0.004678733204191781	0.05226296129881492	0.01611749236946394	0.2726202707966311	0.6543205423308983
Node_54	1.6317775508729103e-10	0.9999999881199265	5.126122186659514e-10	1.913716272438781e-09	9.29056722081107e-09
Node_68	0.008878629496349402	0.12078777877257665	0.08411989739598484	0.11980944713433417	0.6664042472007549
Node_94	0.00860747357679396	0.12235164357311296	0.06658494987363793	0.11297161012499653	0.6894843228514587
Node_102	8.353618704824302e-10	9.181843682186386e-09	2.5072230973338853e-09	9.767053262455807e-09	0.9999999777085181
Node_106	0.0021063478239235984	0.02316057569668752	0.006342106651915009	0.02464283231135348	0.9437481375161203
Node_109	0.003852513120218582	0.0423374614468016	0.011545998984776323	0.04522784648140501	0.8970361799667985
Node_114	0.003895693884158644	0.042829285722863736	0.011715330742732094	0.04660664439997633	0.8949530452502692
ERR1869534	0.0	1.0	0.0	0.0	0.0
Node_118	0.0078676060569869	0.08645341857747398	0.02356032622750559	0.09194747859761894	0.7901711705404146
Node_125	6.135273050920011e-10	6.742502302555386e-09	1.8771170515265384e-09	7.1742330817269625e-09	0.9999999835926203
Node_126	5.991475889772013e-10	6.590671251687873e-09	2.163946859064499e-09	7.03967289034956e-09	0.9999999836065614
ERR363482	0.0	0.0	0.0	0.0	1.0
ERR363429	0.0	0.0	0.0	0.0	1.0
ERR4020097	0.0	0.0	1.0	0.0	0.0
ERR4020103	0.0	0.0	1.0	0.0	0.0
ERR5413187	0.0	0.0	0.0	1.0	0.0
Node_11	7.842230396189127e-15	8.617448463978517e-14	2.348414121083702e-14	0.9999999999994389	4.4363188856854315e-13
SRR12051809	0.0	0.0	0.0	0.0	1.0
SRR7800724	0.0	0.0	0.0	0.0	1.0
Node_37	9.865824791825406e-05	0.0010841078694096358	0.0002954394488627519	0.9929407361520943	0.0055810582817150435
ERR3198442	0.0	0.0	0.0	1.0	0.0
Node_52	0.004679053724150658	0.05226603817966706	0.016117349694588595	0.2727521583441119	0.6541854000574818
SRR7800424	0.0	0.0	0.0	0.0	1.0
ERR7253696	0.0	1.0	0.0	0.0	0.0
ERR4298321	0.0	1.0	0.0	0.0	0.0
SRR12574846	0.0	0.0	0.0	0.0	1.0
Node_67	1.252015174350933e-06	1.3856545820544467e-05	3.993887926522221e-06	1.4700313294141741e-05	0.9999661972377845
Node_87	0.010143935881626459	0.1700282780871302	0.04370806078110233	0.12699570805095023	0.6491240171991908
Node_93	0.00013453589526790072	0.0015348383259074336	0.00048589494017700093	0.0015974767676955053	0.9962472540709523
SRR12051733	0.0	0.0	0.0	0.0	1.0
SRR12051734	0.0	0.0	0.0	0.0	1.0
Node_103	9.280159755160824e-07	1.019949259950479e-05	2.783568878157812e-06	1.0849035716829175e-05	0.9999752398868299
Node_105	5.141031924262748e-10	5.650719264104922e-09	1.5429550588594992e-09	6.010854300623828e-09	0.9999999862813682
SRR7800729	0.0	0.0	0.0	0.0	1.0
SRR12051825	0.0	0.0	0.0	0.0	1.0
Node_112	0.0038955298828758276	0.04282747151851311	0.011714811747825984	0.04660525007012214	0.8949569367806628
Node_113	0.0038969887389300284	0.042843505552140344	0.011719188179615994	0.04662133821245212	0.8949189793168616
Node_117	0.006067904069625874	0.06667728277314769	0.018170818155537644	0.07091455047211412	0.8381694445295746
SRR5483260	0.0	0.0	0.0	0.0	1.0
ERR349313	0.0	0.0	0.0	0.0	1.0
ERR349279	0.0	0.0	0.0	0.0	1.0
ERR363493	0.0	0.0	0.0	0.0	1.0
ERR363440	0.0	0.0	0.0	0.0	1.0
SRR6388749	0.0	0.0	0.0	1.0	0.0
Node_10	7.841876763332288e-15	8.617059873900821e-14	2.3483082230989806e-14	0.9999999999994389	4.4361188369694246e-13
ERR3198446	0.0	0.0	0.0	1.0	0.0
Node_36	9.897047658444615e-10	1.08753879744834e-08	2.9637444073898398e-09	0.9999999291839536	5.598720927857137e-08
SRR6045506	0.0	0.0	0.0	1.0	0.0
Node_51	0.004680982145919308	0.05228693342005623	0.016122393255552227	0.27270628440642336	0.654203406772049
Node_66	5.9229940371500644e-09	6.555174749970326e-08	1.8893257857355763e-08	6.954352864103607e-08	0.999999840088472
SRR12051524	0.0	0.0	0.0	0.0	1.0
Node_73	0.010778412783510364	0.19179163970544463	0.03511674873385681	0.12686111482670973	0.6354520839504786
Node_86	0.008021944775677064	0.33564744620952475	0.02594061176447589	0.12065992469326473	0.5097300725570576
Node_92	0.00013405393366534493	0.0015292618170975297	0.0004840394885413042	0.0015917191509929925	0.9962609256097029
SRR7800420	0.0	0.0	0.0	0.0	1.0
SRR12051784	0.0	0.0	0.0	0.0	1.0
SRR7800504	0.0	0.0	0.0	0.0	1.0
SRR7800417	0.0	0.0	0.0	0.0	1.0
Node_104	2.957689920258875e-13	3.250387101428564e-12	8.864513518006356e-13	3.4571717895440567e-12	0.9999999999921102
Node_111	0.00590055118186208	0.06484963817239661	0.01769580100762986	0.07195258483223888	0.8396014248058726
ERR374011	0.0	0.0	0.0	0.0	1.0
SRR12051844	0.0	0.0	0.0	0.0	1.0
ERR373958	0.0	0.0	0.0	0.0	1.0
SRR3666123	0.0	0.0	0.0	0.0	1.0
Node_116	7.505681675684178e-10	8.247631656241284e-09	2.2476328169608414e-09	8.771758804889385e-09	0.9999999799824086
ERR5412670	0.0	0.0	0.0	1.0	0.0
SRR6388706	0.0	0.0	0.0	1.0	0.0
ERR3198441	0.0	0.0	0.0	1.0	0.0
Node_35	1.4042281208146614e-11	1.543038504539924e-10	4.2050653724054825e-11	0.999999998995237	7.943663240509925e-10
Node_50	0.006128848735395646	0.0680002809449501	0.019971330401628334	0.24468815805485883	0.6612113818631672
SRR12051744	0.0	0.0	0.0	0.0	1.0
Node_64	1.4759098533189086e-12	1.6319898816444627e-11	4.671992935215651e-12	1.731906077214491e-11	0.9999999999602132
Node_65	3.1076026589584565e-09	3.41515409969211e-08	9.31485316838634e-09	3.632049019346743e-08	0.9999999171055131
Node_69	0.010778176057986496	0.1918086199587275	0.035115046297951556	0.12685803490544253	0.6354401227798919
Node_72	0.0114661606539685	0.1508446820755001	0.03922446695652268	0.13430642601124154	0.6641582643027671
Node_80	0.0039060035167257532	0.09114236807946384	0.01180364465006799	0.2752228924835605	0.6179250912701819
Node_85	7.6108291975626145e-06	0.9983644652257675	2.3217083329912152e-05	0.00017818192093844095	0.0014265249407665681
Node_88	0.00013493095128337004	0.001538845587936742	0.0004865873742620407	0.0016019449201481939	0.9962376911663697
Node_91	0.000134550678191846	0.0015346437360148728	0.00048541450145790714	0.0015974903876188298	0.9962479006967165
SRR7800416	0.0	0.0	0.0	0.0	1.0
SRR12051783	0.0	0.0	0.0	0.0	1.0
Node_110	1.7392729207757326e-10	1.9112040565650114e-09	5.208404830748495e-10	0.9999999875107026	9.883325544599874e-09
SRR12051820	0.0	0.0	0.0	0.0	1.0
SRR12051798	0.0	0.0	0.0	0.0	1.0
SRR7800723	0.0	0.0	0.0	0.0	1.0
ERR3198443	0.0	0.0	0.0	1.0	0.0
Node_34	1.4671787384357615e-07	1.6122118998262373e-06	4.393575670985942e-07	0.999989501940251	8.299772408065991e-06
SRR12051633	0.0	0.0	0.0	0.0	1.0
ERR459798	0.0	0.0	0.0	1.0	0.0
Node_63	1.9581094784447559e-13	2.151695636488385e-12	5.864289881837164e-13	2.2884244689211436e-12	0.9999999999947776
SRR12051548	0.0	0.0	0.0	0.0	1.0
SRR12051789	0.0	0.0	0.0	0.0	1.0
SRR12051778	0.0	0.0	0.0	0.0	1.0
SRR12574858	0.0	0.0	0.0	0.0	1.0
ERR7253741	0.0	1.0	0.0	0.0	0.0
Node_71	0.011287001817893886	0.12604105921599537	0.08681745498248773	0.13193379483642861	0.6439206891471944
ERR373981	0.0	0.0	0.0	0.0	1.0
Node_75	0.0018869559575467349	0.2512160787630184	0.00565688394391304	0.035493002156441994	0.7057470791790799
Node_79	0.0039045405001945687	0.09108747936227163	0.011799177555285511	0.27530456615370485	0.6179042364285434
Node_83	3.8076294433195037e-06	0.9991049132889145	1.1615129136587804e-05	0.0001308114314849709	0.0007488525210204923
Node_84	8.415355727525375e-10	1.0716901994420883e-07	2.520082532785948e-09	9.84363148888929e-09	0.9999998796257306
SRR3321827	0.0	0.0	0.0	0.0	1.0
SRR7800726	0.0	0.0	0.0	0.0	1.0
Node_90	0.0005067817877453867	0.0055912170252535925	0.0015505692621646248	0.0059326706841087455	0.9864187612407276
SRR12051582	0.0	0.0	0.0	0.0	1.0
ERR374172	0.0	0.0	0.0	1.0	0.0
ERR340542	0.0	0.0	0.0	1.0	0.0
ERR3198449	0.0	0.0	0.0	1.0	0.0
ERR3198448	0.0	0.0	0.0	1.0	0.0
Node_58	1.837547722046355e-13	2.0191925045947486e-12	5.502673220273677e-13	2.1475097318704978e-12	0.9999999999950994
Node_62	5.406942212580846e-11	5.941427836543388e-10	1.6191490277082897e-10	6.31899834802065e-10	0.9999999985579731
SRR12574867	0.0	0.0	0.0	0.0	1.0
Node_70	3.854890342859276e-06	4.2395952370572416e-05	0.9992811238176253	4.50518707045876e-05	0.0006275734689566144
ERR373988	0.0	0.0	0.0	0.0	1.0
Node_74	1.6219063835211032e-10	0.9999999765253816	4.858119612530404e-10	2.1534881942184033e-09	2.067312753068956e-08
Node_76	1.9991058514366237e-06	2.414432090317501e-05	5.991293984624126e-06	3.374092664178732e-05	0.999934124352619
Node_78	0.0029669659260901315	0.05683243244469199	0.008938477572674285	0.381617565784624	0.5496445582719195
Node_82	7.661730433313054e-06	0.9987246419775893	2.315643065934917e-05	0.00025496409912120077	0.0009895757621967833
ERR7253713	0.0	1.0	0.0	0.0	0.0
ERR363480	0.0	0.0	0.0	0.0	1.0
ERR363427	0.0	0.0	0.0	0.0	1.0
SRR12051657	0.0	0.0	0.0	0.0	1.0
Node_89	2.6317063132671845e-07	2.893604150018456e-06	7.906545440952518e-07	3.0764085727233806e-06	0.9999929761621019
Node_56	1.836719894200438e-13	2.0182828393739326e-12	5.500194100562982e-13	2.1465422604524618e-12	0.9999999999951016
Node_57	1.836719894200438e-13	2.0182828393739326e-12	5.500194100562982e-13	2.1465422604524618e-12	0.9999999999951016
Node_59	1.9542562434657438e-13	2.1474378608027114e-12	5.852165433249235e-13	2.2839049263805947e-12	0.9999999999947881
Node_61	2.4693636675124386e-07	2.7134645462547526e-06	7.394692853863212e-07	2.8859019197636994e-06	0.9999934142278818
SRR5483266	0.0	0.0	0.0	0.0	1.0
ERR459968	0.0	0.0	1.0	0.0	0.0
ERR4298313	0.0	1.0	0.0	0.0	0.0
ERR7253688	0.0	1.0	0.0	0.0	0.0
SRR5483262	0.0	0.0	0.0	0.0	1.0
SRR5483261	0.0	0.0	0.0	0.0	1.0
SRR12574875	0.0	0.0	0.0	0.0	1.0
Node_77	1.7390185736949814e-10	2.4034873754815187e-09	5.218532285121612e-10	0.9999999793015792	1.7599178342843578e-08
ERR5412431	0.0	0.0	0.0	1.0	0.0
SRR30795571	0.0	0.0	0.0	0.0	1.0
SRR12051543	0.0	0.0	0.0	0.0	1.0
SRR7800508	0.0	0.0	0.0	0.0	1.0
SRR12051523	0.0	0.0	0.0	0.0	1.0
SRR12051770	0.0	0.0	0.0	0.0	1.0
SRR12051522	0.0	0.0	0.0	0.0	1.0
SRR12051559	0.0	0.0	0.0	0.0	1.0
SRR12051503	0.0	0.0	0.0	0.0	1.0
SRR7800510	0.0	0.0	0.0	0.0	1.0
SRR12051737	0.0	0.0	0.0	0.0	1.0
Node_60	0.0003205773879123741	0.003522670183719886	0.0009599927911316979	0.0037465315918445	0.9914502280453916
ERR374181	0.0	0.0	0.0	1.0	0.0
ERR340551	0.0	0.0	0.0	1.0	0.0
SRR12051691	0.0	0.0	0.0	0.0	1.0
SRR7800425	0.0	0.0	0.0	0.0	1.0
