node	Australia	Bangladesh	Canada	China	Czech Republic	Germany	Ireland	Portugal	Taiwan	UK	USA
Node_118	0.023311678575953357	0.02331169157430637	0.03994761082423306	0.0725487336964434	0.023311691752500804	0.023311687796984382	0.0478897348932145	0.02331170123101206	0.07477019863186382	0.43742918354612365	0.21085608747736462
Node_25	0.02144987456527188	0.0211572059673513	0.03625561995009532	0.06584372037497026	0.021157206129076858	0.021547382780467132	0.043463726415046554	0.021157214731576526	0.1179870707427983	0.43493276604075115	0.19504821230259478
Node_117	0.02331131649014208	0.023314173559160396	0.03994758419444077	0.07254876532136288	0.023311375748154065	0.02331132571102988	0.047889015751936624	0.023311339437874556	0.07477168391799288	0.43743041997381366	0.2108529998940921
Node_1	4.487747178395702e-09	4.48568508179561e-09	7.686803909380001e-09	1.3959981042473176e-08	4.485685116084161e-09	4.488436726724386e-09	9.215044249230155e-09	4.485686939959379e-09	1.474104244905411e-08	0.9999998913645558	4.059933147875099e-08
Node_24	0.02144968044674966	0.021156810521461407	0.03625494230220944	0.06584248970071971	0.02115681068318394	0.021547255729368973	0.043462914041617055	0.02115681928552282	0.11802028356423361	0.4349048271498484	0.19504716657508483
Node_97	0.023311146762946083	0.023311578669431277	0.039946786962570605	0.07254724928293219	0.02331147279653926	0.02331115598376675	0.047888757109364355	0.02331117140689735	0.07478646147210703	0.43742166931312737	0.2108525502403176
Node_116	0.023267909809392855	0.023697096469359222	0.039962220233684224	0.072587335563192	0.02326792326600848	0.023267919013110774	0.04780102306592112	0.023267932423853877	0.07462983159401157	0.43779061183773077	0.21046019672373517
ERR330907	0.0	0.0	0.0	0.0	0.0	0.0	0.0	0.0	0.0	1.0	0.0
ERR369242	0.0	0.0	0.0	0.0	0.0	0.0	0.0	0.0	0.0	1.0	0.0
ERR5412973	0.0	0.0	0.0	0.0	0.0	0.0	0.0	0.0	0.0	1.0	0.0
Node_23	0.00848375114419921	0.004365461637812771	0.007480785425613306	0.013585831504942792	0.004365461671182334	0.009855668579946245	0.008968066510959482	0.004365463446174816	0.7193392152021423	0.12792863514996794	0.0912616597270589
Node_57	7.446268706673104e-10	7.446272858636207e-10	1.276015553395976e-09	0.9999999703751434	7.446272915555473e-10	7.446271652075536e-10	1.5297046634559247e-09	7.446275943202818e-10	2.388326471001082e-09	1.397246118597815e-08	6.735212484500449e-09
Node_96	0.023308248597478997	0.023308321426367122	0.0399417456006319	0.07253808356708438	0.02331045192626531	0.02330825781715328	0.047883483734357093	0.023308285176040725	0.07488498613711488	0.43737416096923604	0.21083397504827028
Node_99	0.021887983782315563	0.04432109502178601	0.0375095362848619	0.06812117120655355	0.02188799615962814	0.021887992440198213	0.0449650265264207	0.021888005053815586	0.07020382067584663	0.44934872413559074	0.19797864871298307
Node_115	0.02213069261098303	0.02213641669825354	0.04432814677692746	0.08136679377724634	0.022130705124053886	0.02213070136487016	0.045549601336426555	0.02213071411834648	0.07098228823050545	0.44693995741914017	0.20017398254324695
Node_16	0.001835415656583057	0.0016658720888493954	0.0028546881583512	0.005184390423193419	0.0016658721015833117	0.0018918962255518779	0.0034222386842545885	0.0016658727789252929	0.0343809219422926	0.45080382037258154	0.49462901156783373
Node_21	0.008472951539353912	0.004346340996969091	0.0074480197244758085	0.013526325815436974	0.004346341030192496	0.009847640928714657	0.00892878654630855	0.00434634279741058	0.7207030244296755	0.1272759334969604	0.09075829269450211
SRR28113981	0.0	0.0	0.0	1.0	0.0	0.0	0.0	0.0	0.0	0.0	0.0
Node_56	7.170986473165987e-14	7.170990471634537e-14	1.2288423415007523e-13	0.999999999997147	7.170990526449547e-14	7.170989309679392e-14	1.4731527804994282e-13	7.17099344216734e-14	2.3000320686392454e-13	1.3455911156106064e-12	6.4862173959648e-13
Node_80	0.022889219630564218	0.022889232869293088	0.039223672255502544	0.07123399109191113	0.02315961944088857	0.022889228684489858	0.04712000969463873	0.022890961221486997	0.08894454212622094	0.43063458077658767	0.20812494220841618
Node_95	0.0015274695446142637	0.0015274703963159741	0.0026175188850220176	0.0047536680321236605	0.0015274704080043067	0.0015274701488111693	0.0031379169591245247	0.001527471029059673	0.0048992268360179125	0.028662018207589506	0.948292299553317
Node_98	0.020551447181938468	0.11956122636673959	0.03521793633505484	0.0639592325494341	0.02055145879947707	0.020551455311148534	0.042219330599126914	0.020551467154520595	0.06591699454510044	0.40502988808768037	0.18588956306977916
ERR5413016	0.0	0.0	0.0	0.0	0.0	0.0	0.0	0.0	0.0	1.0	0.0
Node_109	0.0039757739090286095	0.003975792463355139	0.4090509659925697	0.23629943745350251	0.003975776156281806	0.003975775481662448	0.013568582198212767	0.00397577777281699	0.012751951942904185	0.27248819626616627	0.03596197036349954
Node_114	0.01668240965499768	0.016682979930282643	0.029216483950165302	0.1179192054743652	0.016682419084856966	0.016682416253793922	0.03427951612735558	0.016682425867516486	0.05350739029931539	0.5307709579620183	0.15089379539533246
Node_6	0.001836682371022345	0.0016674544988850685	0.002857399823442853	0.005189315069863126	0.0016674545116310809	0.0018930577740714559	0.003425489464956589	0.0016674551896164681	0.03433192853957268	0.4509131202994864	0.49455064245745195
Node_15	0.0018343026233952624	0.001665189930848011	0.0028535191920291687	0.005182267467035408	0.001665189943576713	0.0018906396556555604	0.0034208373116541724	0.0016651906206413293	0.03430493818163354	0.450759237406124	0.49475868766740694
Node_20	0.001273194339941404	0.0007453861973415495	0.0012773160467674546	0.0023197297613331046	0.0007453862030392771	0.00812171440881366	0.001531263712457992	0.0007453865061125845	0.9500416404186826	0.019834400395690132	0.013364582009820224
SRR25361456	1.0	0.0	0.0	0.0	0.0	0.0	0.0	0.0	0.0	0.0	0.0
SRR28113988	0.0	0.0	0.0	1.0	0.0	0.0	0.0	0.0	0.0	0.0	0.0
Node_55	3.584822174105488e-14	3.5848241729655854e-14	6.143061754161586e-14	0.9999999999985739	3.584824200367961e-14	3.5848235920967486e-14	7.36438532291353e-14	3.584825657954004e-14	1.1498007968172095e-13	6.726696370953521e-13	3.242501716344425e-13
Node_60	0.02005583014828922	0.020055841334239564	0.0343682886208778	0.06241614372716006	0.020057560138999328	0.02005583808145575	0.041201791969448356	0.020055860567852964	0.06442605443314614	0.5158931969990794	0.18141359397945137
Node_79	0.022024886717033627	0.02202489914061976	0.03774252466839628	0.06854408348492545	0.022892429283975266	0.022024895429068624	0.045561134972500514	0.02203042460535674	0.12046847139637752	0.4139719643759876	0.20271428592575857
Node_81	3.131589068118469e-07	3.131590814260971e-07	5.366387536059542e-07	9.745879972108978e-07	3.1315908382178664e-07	3.1315903068314976e-07	6.433297790127691e-07	3.1315921115002206e-07	1.0044301868691997e-06	5.8762325707596835e-06	0.9999893989853986
Node_94	3.0414997075097987e-07	3.041501403418908e-07	5.212007631357417e-07	9.465511099897911e-07	3.0415014266700427e-07	3.041500910587607e-07	6.248225077223706e-07	3.041502663339607e-07	9.75534801283951e-07	5.707185475628372e-06	0.9999897039547311
SRR30894602	0.0	1.0	0.0	0.0	0.0	0.0	0.0	0.0	0.0	0.0	0.0
ERR5412531	0.0	0.0	0.0	0.0	0.0	0.0	0.0	0.0	0.0	1.0	0.0
Node_107	0.0039663686187785836	0.003966387113330559	0.409427169593702	0.23648803959951784	0.003966370860715567	0.003966370187692121	0.013554528579733462	0.003966372473426593	0.012721785285537803	0.2720997082198521	0.03587689946771348
Node_108	0.006988925182247574	0.006988934921751243	0.15582336113159284	0.10183012646576742	0.006988929132628064	0.00698892794674588	0.01628902142241559	0.006988931974315754	0.022416374796986084	0.6054807802138039	0.06321568681174572
Node_110	4.470581141532039e-09	4.470584478860387e-09	7.661872603132121e-09	1.4012352745814095e-08	4.470583668455995e-09	4.470582909888929e-09	9.184033719935791e-09	4.470585486190393e-09	1.4339003468322753e-08	0.9999998920130385	4.043678129930057e-08
Node_112	0.01667417074397249	0.016674739987090775	0.02920121333015537	0.11798033369434287	0.016674180169173984	0.01667417733950966	0.03426257526602921	0.016674186948484448	0.05348096470268411	0.5308841840664925	0.15081927375206453
SRR30933963	0.0	0.0	0.0	0.0	0.0	0.0	0.0	0.0	0.0	0.0	1.0
Node_5	1.1648412074681851e-05	1.1512020383423154e-05	1.9727341905316443e-05	3.582676522820481e-05	1.151202047142097e-05	1.169385457025304e-05	2.364940366897507e-05	1.1512025152197329e-05	6.028461421806316e-05	0.9889281718887066	0.010874461653620852
Node_14	0.001399518970410768	0.0013291872355951568	0.002277734939605017	0.004136587449286123	0.0013291872457554563	0.0014229491679935695	0.002730579380445098	0.0013291877862017013	0.016309051866047284	0.39562097679799496	0.5721150391606649
ERR5413584	0.0	0.0	0.0	0.0	0.0	0.0	0.0	0.0	0.0	1.0	0.0
Node_17	4.818051592346984e-06	3.238516078654583e-06	5.549617862167687e-06	1.007864400629418e-05	3.2385161034097806e-06	2.53131592858051e-05	6.652956777496111e-06	3.238517420187288e-06	0.9997519081436249	7.82687270911594e-05	0.00010769515015742528
Node_19	0.0015798791945419051	0.0012083248337767763	0.0020706215186105385	0.0037604493996089994	0.0012083248430132042	0.01819451050839349	0.00248228901665104	0.0012083253343169137	0.9259059296929257	0.026789987138320773	0.015591358519840736
SRR28113990	0.0	0.0	0.0	1.0	0.0	0.0	0.0	0.0	0.0	0.0	0.0
Node_54	3.586412634792736e-14	3.586414634539658e-14	6.145787216609878e-14	0.9999999999985733	3.5864146619541905e-14	3.5864140534131096e-14	7.367652644072845e-14	3.5864161201869133e-14	1.1503109233665019e-13	6.729680771744815e-13	3.243940301372556e-13
Node_58	4.440403910429032e-09	4.440406386386046e-09	7.609212984746567e-09	1.3819068401834442e-08	4.440425362885593e-09	4.4404056668491924e-09	9.122034077376885e-09	4.440408346212982e-09	1.4243300546860464e-08	0.9999998928404322	4.0163902076437295e-08
ERR5412503	0.0	0.0	0.0	0.0	0.0	0.0	0.0	0.0	0.0	1.0	0.0
Node_63	0.019963006748816688	0.01996301792082989	0.034209223590818544	0.06212726621419908	0.020211271690383635	0.0199630146452667	0.0411005873936528	0.019980498990451446	0.20611797278011681	0.3747962665787646	0.18156787344669983
Node_78	0.022256077424442074	0.022256089930840977	0.038138700179793546	0.06926357661676776	0.023550887241655275	0.022256086227925694	0.04619116055408377	0.022259833963150694	0.1088997808488247	0.41839990818385636	0.2065278988286592
SRR7800707	0.0	0.0	0.0	0.0	0.0	0.0	0.0	0.0	0.0	0.0	1.0
SRR7800493	0.0	0.0	0.0	0.0	0.0	0.0	0.0	0.0	0.0	0.0	1.0
Node_82	4.286224363300972e-11	4.28622675325581e-11	7.345006161294455e-11	1.3339243198775757e-10	4.2862267860224027e-11	4.286226058734774e-11	8.805292496743752e-11	4.286228528795286e-11	1.3747695001208313e-10	8.042834056868628e-10	0.9999999985490329
Node_93	4.0856012265623136e-08	4.085603504651677e-08	7.001212171399625e-08	1.271487998644087e-07	4.0856035358820064e-08	4.085602842638802e-08	8.393147622637875e-08	4.0856051970844413e-08	1.310421359171307e-07	7.66637718947318e-07	0.9999986169475843
Node_103	0.0039578579536450765	0.003957876390577795	0.4098575198227456	0.2367086578369856	0.00395786019077152	0.003957859519192185	0.013519489569946613	0.003957861800022141	0.012694488061080178	0.2716306115437885	0.03579991731124482
Node_106	0.003978175384807845	0.003978193873947326	0.40915077923227783	0.23635965379281523	0.00397817763341838	0.003978176958391597	0.013598874314280071	0.003978179250930059	0.012759654469359947	0.2722564395988982	0.03598369549087331
ERR5413833	0.0	0.0	0.0	0.0	0.0	0.0	0.0	0.0	0.0	1.0	0.0
ERR1081297	0.0	0.0	0.0	0.0	0.0	0.0	0.0	0.0	0.0	1.0	0.0
ERR5412127	0.0	0.0	0.0	0.0	0.0	0.0	0.0	0.0	0.0	1.0	0.0
ERR5412039	0.0	0.0	0.0	0.0	0.0	0.0	0.0	0.0	0.0	1.0	0.0
ERR494941	0.0	0.0	0.0	0.0	0.0	0.0	0.0	0.0	0.0	1.0	0.0
Node_111	7.442641866573298e-10	7.442662344653159e-10	1.2772248432284908e-09	0.9999999697520124	7.442646073417283e-10	7.442644810541118e-10	1.5289841761234996e-09	7.442649099578388e-10	2.387163193383569e-09	1.4601359165812284e-08	6.7319319806908584e-09
Node_3	3.430066306931377e-09	3.390500379020767e-09	5.810062697887521e-09	1.0551637074950745e-08	3.3905004049377318e-09	3.4432487708237757e-09	6.965181560895761e-09	3.3905017835119085e-09	1.76514879441957e-08	0.999996786935973	3.155040840069737e-06
Node_4	6.822503744641091e-07	6.822325259164701e-07	1.1690940294947496e-06	2.123188087145006e-06	6.822325311314515e-07	6.822567168868896e-07	1.401525697846746e-06	6.822328085265371e-07	2.191322832842316e-06	0.000144938300863198	0.9998447653635325
SRR30795577	0.0	0.0	0.0	0.0	0.0	0.0	0.0	0.0	0.0	0.0	1.0
Node_13	0.0014574932103342	0.0014239870812007731	0.002440186785983446	0.004431615750058899	0.001423987092085722	0.0014686558463382628	0.0029253288459439902	0.0014239876710775044	0.01030602376417418	0.4711390906412096	0.5015596433115934
SRR30933971	0.0	0.0	0.0	0.0	0.0	0.0	0.0	0.0	0.0	0.0	1.0
DRR317586	0.0	0.0	0.0	0.0	0.0	0.0	0.0	0.0	1.0	0.0	0.0
SRR19357810	0.0	0.0	0.0	0.0	0.0	0.0	0.0	0.0	1.0	0.0	0.0
ERR1413196	0.0	0.0	0.0	0.0	0.0	1.0	0.0	0.0	0.0	0.0	0.0
Node_53	4.019353159974987e-13	4.0193554011251077e-13	6.887687442870712e-13	0.9999999999840091	4.019355431849037e-13	4.019354749846779e-13	8.257052646220015e-13	4.0193570661150574e-13	1.2891728631371204e-12	7.542066803224563e-12	3.635538636742928e-12
SRR28113991	0.0	0.0	0.0	1.0	0.0	0.0	0.0	0.0	0.0	0.0	0.0
ERR5411973	0.0	0.0	0.0	0.0	0.0	0.0	0.0	0.0	0.0	1.0	0.0
ERR5412405	0.0	0.0	0.0	0.0	0.0	0.0	0.0	0.0	0.0	1.0	0.0
DRR317522	0.0	0.0	0.0	0.0	0.0	0.0	0.0	0.0	1.0	0.0	0.0
Node_62	0.012554261034424712	0.01255426803455321	0.021513368604282334	0.03907036284730008	0.012554276187912158	0.012554266000314668	0.02579051950021735	0.3511096381853756	0.04027132124999893	0.3584733421024381	0.11355437625318293
Node_65	0.022324431218253248	0.022324443708636333	0.038255833336085135	0.06947630178171642	0.02527702471492605	0.02232444004877449	0.04606833938313056	0.022326095816505232	0.0996247956026415	0.4192465112115482	0.21275178317778284
Node_76	0.018604232520161267	0.01860424289433849	0.03188078618966195	0.05789859817861029	0.018612925437887413	0.018604239879142354	0.09680556291122298	0.0186042756452055	0.059923034466816086	0.42030667780828773	0.24015542406866597
SRR7800635	0.0	0.0	0.0	0.0	0.0	0.0	0.0	0.0	0.0	0.0	1.0
SRR7800524	0.0	0.0	0.0	0.0	0.0	0.0	0.0	0.0	0.0	0.0	1.0
SRR12051827	0.0	0.0	0.0	0.0	0.0	0.0	0.0	0.0	0.0	0.0	1.0
Node_92	6.02133632750242e-12	6.0213396849378336e-12	1.0318347495619858e-11	1.8739119291534262e-11	6.021339730964919e-12	6.021338709266947e-12	1.2369774209413828e-11	6.021342179235813e-12	1.9312916990071496e-11	1.1298663993732944e-10	0.9999999997961665
Node_100	0.002406814002654989	0.002406821342111036	0.4570018609760924	0.3764450809840678	0.0024068153630717407	0.002406814954680218	0.006935667621547537	0.00240681634167628	0.007719648349981914	0.11809354466173176	0.02177011540238426
Node_102	0.003963685427283355	0.003963703853100428	0.40982924615529037	0.23652818805341266	0.003963687667703667	0.003963686995135544	0.013526691565430326	0.00396368927932375	0.012713179180212707	0.2717316151970313	0.035852626626075836
Node_104	1.545591790608198e-05	1.545592686745899e-05	3.497494250004905e-05	5.282660581696874e-05	1.5455926642288638e-05	1.545592401973433e-05	0.9992103919483014	1.5455932926653166e-05	4.957352376451919e-05	0.0002941902301921411	0.0002807631210626091
Node_105	4.360584825520696e-09	4.3605875051941245e-09	1.3611087797993303e-08	1.6988050475146926e-08	4.360587290270578e-09	4.360586550368087e-09	9.040847141819847e-09	4.360589063280962e-09	1.3986199770780594e-08	0.9999998851290125	3.9441867076157855e-08
SRR18969526	0.0	0.0	0.0	1.0	0.0	0.0	0.0	0.0	0.0	0.0	0.0
SRR18969502	0.0	0.0	0.0	1.0	0.0	0.0	0.0	0.0	0.0	0.0	0.0
ERR5413862	0.0	0.0	0.0	0.0	0.0	0.0	0.0	0.0	0.0	1.0	0.0
Node_2	2.3112540699551428e-12	2.2997804266010448e-12	3.940972415931631e-12	7.157187937132212e-12	2.299780444180553e-12	2.3150775913068307e-12	4.724490910128422e-12	2.2997813792690514e-12	9.341646886283595e-12	0.9999999990364197	9.268904089754769e-10
SRR30933985	0.0	0.0	0.0	0.0	0.0	0.0	0.0	0.0	0.0	0.0	1.0
SRR30933983	0.0	0.0	0.0	0.0	0.0	0.0	0.0	0.0	0.0	0.0	1.0
Node_9	3.319792394807432e-09	3.306630205678558e-09	5.66634026428565e-09	1.0290623203371178e-08	3.3066302309544194e-09	3.3241790022340363e-09	6.792885168160655e-09	3.306631575427065e-09	1.286032129164495e-08	0.9999997259272441	2.2189872254633116e-07
Node_12	0.0014625694065327755	0.0014291080238889391	0.0024489621862974036	0.004447552727698357	0.0014291080348130323	0.0014737171392338404	0.0029358489142520894	0.0014291086158869735	0.010314785521765447	0.4708976350464234	0.5017316043832077
Node_51	1.631446878050404e-11	1.6314477877284596e-11	2.795697647958937e-11	0.9999999993509316	1.631447800199237e-11	1.6314475233759743e-11	3.35152006440193e-11	1.6314484635443303e-11	5.232725165273718e-11	3.061308835137263e-10	1.4756573813938712e-10
Node_52	7.421806716229791e-09	7.421810854553137e-09	1.2718236713269449e-08	0.9999997047246505	7.421810911285417e-09	7.421809651956182e-09	1.5246793786679856e-08	7.421813928986535e-09	2.3804804985267263e-08	1.3926559778781462e-07	6.713086409022958e-08
ERR12065641	0.0	0.0	0.0	0.0	0.0	0.0	0.0	1.0	0.0	0.0	0.0
Node_61	4.487302993254475e-09	4.487305495328663e-09	7.689580698399639e-09	1.3965023960509081e-08	4.487305883579899e-09	4.487304768225761e-09	9.218373229848996e-09	1.9359581363247235e-08	1.4392839949609294e-08	0.9999998768373484	4.0588033275420134e-08
SRR27279531	0.0	0.0	0.0	0.0	1.0	0.0	0.0	0.0	0.0	0.0	0.0
Node_64	0.018215199218514076	0.01821520937887283	0.031214126735426072	0.0566878799852021	0.01847571187322738	0.018215206423611432	0.037438155854673826	0.018215361871801644	0.17905648565573862	0.34182712131835613	0.2624395416845758
Node_67	0.017669359028835548	0.0176693688815147	0.0302787581640623	0.0549891599867967	0.01767507308774779	0.017669366018023706	0.07478808069702479	0.01766939265419106	0.05683821450573076	0.4310513263197758	0.2637019006562968
Node_75	0.00511144707133496	0.005111449921439752	0.008759133225397635	0.015907435029770847	0.005111641959335658	0.005111449093189023	0.7383986117474621	0.005111452592638516	0.01640008862587816	0.14715433187636823	0.04782295885718496
Node_85	3.035749246756414e-13	3.0357509394590756e-13	5.202153464593417e-13	9.447614977811728e-13	3.035750962664338e-13	3.0357504475596035e-13	6.236411769138111e-13	3.035752196997735e-13	9.736903905780894e-13	5.696395092840762e-12	0.9999999999897234
Node_91	3.0357711137921793e-13	3.0357728065070336e-13	5.202190936619799e-13	9.4476830306441e-13	3.0357728297124633e-13	3.035772314604018e-13	6.236456691108971e-13	3.0357740640547514e-13	9.736974042412295e-13	5.696436124976522e-12	0.9999999999897233
SRR26728025	0.0	0.0	1.0	0.0	0.0	0.0	0.0	0.0	0.0	0.0	0.0
SRR18969500	0.0	0.0	0.0	1.0	0.0	0.0	0.0	0.0	0.0	0.0	0.0
Node_101	4.2486913584392214e-09	4.248694403901363e-09	2.409330491799757e-08	2.2574596560038153e-08	4.248693759943448e-09	4.248693039026688e-09	8.952780114257237e-09	4.248695487457723e-09	1.3627311124833403e-08	0.999999871078738	3.8429801288549165e-08
SRR26727955	0.0	0.0	1.0	0.0	0.0	0.0	0.0	0.0	0.0	0.0	0.0
SRR12574868	0.0	0.0	0.0	0.0	0.0	0.0	0.0	0.0	0.0	0.0	1.0
ERR4020113	0.0	0.0	0.0	0.0	0.0	0.0	1.0	0.0	0.0	0.0	0.0
ERR5412118	0.0	0.0	0.0	0.0	0.0	0.0	0.0	0.0	0.0	1.0	0.0
SRR6046455	0.0	0.0	0.0	0.0	0.0	0.0	0.0	0.0	0.0	1.0	0.0
ERR5412649	0.0	0.0	0.0	0.0	0.0	0.0	0.0	0.0	0.0	1.0	0.0
SRR6388759	0.0	0.0	0.0	0.0	0.0	0.0	0.0	0.0	0.0	1.0	0.0
Node_8	2.2667509591308832e-12	2.262933457877396e-12	3.877830349988747e-12	7.04251582451729e-12	2.262933475175246e-12	2.268023988681546e-12	4.648795349462245e-12	2.2629343952818022e-12	7.912197110592124e-12	0.9999999998890321	7.616291572366312e-11
ERR5414098	0.0	0.0	0.0	0.0	0.0	0.0	0.0	0.0	0.0	1.0	0.0
SRR12051695	0.0	0.0	0.0	0.0	0.0	0.0	0.0	0.0	0.0	0.0	1.0
ERR5413103	0.0	0.0	0.0	0.0	0.0	0.0	0.0	0.0	0.0	1.0	0.0
Node_46	3.663055661264983e-14	3.663057703747271e-14	6.277125068748203e-14	0.9999999999985428	3.663057731747663e-14	3.6630571102018233e-14	7.52510223343685e-14	3.6630592211433837e-14	1.1748935131375725e-13	6.87349665520866e-13	3.3132645614926843e-13
Node_50	1.63058506164343e-11	1.6305859708409458e-11	2.7942208128045934e-11	0.9999999993512746	1.6305859833051356e-11	1.6305857066281054e-11	3.349749614491078e-11	1.6305866462998148e-11	5.229960963471446e-11	3.059691690125414e-10	1.4748778612271607e-10
SRR28113959	0.0	0.0	0.0	1.0	0.0	0.0	0.0	0.0	0.0	0.0	0.0
SRR28113969	0.0	0.0	0.0	1.0	0.0	0.0	0.0	0.0	0.0	0.0	0.0
ERR5412407	0.0	0.0	0.0	0.0	0.0	0.0	0.0	0.0	0.0	1.0	0.0
ERR5412113	0.0	0.0	0.0	0.0	0.0	0.0	0.0	0.0	0.0	1.0	0.0
ERR374005	0.0	0.0	0.0	0.0	0.0	0.0	0.0	0.0	0.0	0.0	1.0
DRR317502	0.0	0.0	0.0	0.0	0.0	0.0	0.0	0.0	1.0	0.0	0.0
ERR5412993	0.0	0.0	0.0	0.0	0.0	0.0	0.0	0.0	0.0	1.0	0.0
SRR30795442	0.0	0.0	0.0	0.0	0.0	0.0	0.0	0.0	0.0	0.0	1.0
Node_69	8.372609915655903e-07	8.37261458415449e-07	1.4347562377547087e-06	2.6056564100958968e-06	8.372843579070464e-07	8.372613227476437e-07	0.9999595040745912	8.372618712797669e-07	2.6861057273155512e-06	2.1820457213166854e-05	7.762619818537778e-06
Node_74	0.0026184192762858153	0.002618420736289949	0.004487003965970685	0.008148834163184149	0.002618426325286406	0.002618420312012385	0.02649197357392263	0.002618421837016093	0.008398515371201795	0.9156516388632205	0.02372992557560968
SRR12051838	0.0	0.0	0.0	0.0	0.0	0.0	0.0	0.0	0.0	0.0	1.0
Node_84	3.0277472327327065e-13	3.027748920973527e-13	5.188440966757295e-13	9.422711752479854e-13	3.0277489441176224e-13	3.0277484303706664e-13	6.219973041701193e-13	3.0277501751974065e-13	9.711238135894003e-13	5.681379810051449e-12	0.9999999999897505
Node_90	3.1835853708904677e-13	3.1835871460250367e-13	5.455490002905251e-13	9.907698689311563e-13	3.1835871703603586e-13	3.1835866301708487e-13	6.540115029688522e-13	3.183588464803814e-13	1.021107552454499e-12	5.973800406524561e-12	0.999999999989223
SRR7800680	0.0	0.0	0.0	0.0	0.0	0.0	0.0	0.0	0.0	0.0	1.0
ERR5412500	0.0	0.0	0.0	0.0	0.0	0.0	0.0	0.0	0.0	1.0	0.0
ERR5412141	0.0	0.0	0.0	0.0	0.0	0.0	0.0	0.0	0.0	1.0	0.0
ERR5413518	0.0	0.0	0.0	0.0	0.0	0.0	0.0	0.0	0.0	1.0	0.0
Node_7	1.3027606885543503e-12	1.3027603074935269e-12	2.2324489664391973e-12	4.0543437320874386e-12	1.302760317451819e-12	1.3027615727935881e-12	2.6762899447430577e-12	1.3027608471529008e-12	4.178678681350705e-12	0.9999999999685447	1.1799721421322049e-11
SRR28113989	0.0	0.0	0.0	1.0	0.0	0.0	0.0	0.0	0.0	0.0	0.0
Node_45	3.584825801151017e-14	3.584827800013137e-14	6.143067969578583e-14	0.9999999999985739	3.58482782741554e-14	3.5848272191437125e-14	7.364392774039293e-14	3.584829285003057e-14	1.1498019601607832e-13	6.726703176879397e-13	3.2425049970375205e-13
Node_49	3.663014143211376e-14	3.663016185670514e-14	6.277053922132043e-14	0.9999999999985428	3.663016213670589e-14	3.663015592131794e-14	7.525016941913375e-14	3.663017703049428e-14	1.1748801965799302e-13	6.873418749157269e-13	3.3132270080650553e-13
SRR28113976	0.0	0.0	0.0	1.0	0.0	0.0	0.0	0.0	0.0	0.0	0.0
ERR4020094	0.0	0.0	0.0	0.0	0.0	0.0	1.0	0.0	0.0	0.0	0.0
Node_68	2.6639097021239556e-11	2.6639111874981466e-11	4.564957761606425e-11	8.290405812740131e-11	2.663983949583972e-11	2.663910755844473e-11	0.9999999987118102	2.663912500826595e-11	8.546368245747186e-11	6.940013315737809e-10	2.4697490057031646e-10
Node_72	2.0615889803875892e-09	2.061590129908607e-09	3.532802410591069e-09	6.4159116402687984e-09	2.0615916967213913e-09	2.06158979585765e-09	1.0115463406841289e-08	2.06159098838191e-09	6.612413803135431e-09	0.9999999443553713	1.866008583512352e-08
Node_73	2.0615861636199086e-09	2.061587313139339e-09	3.532797583691136e-09	6.41590287415061e-09	2.0615888868513787e-09	2.0615869790888555e-09	1.0141613797428496e-08	2.0615881716313863e-09	6.612404968494372e-09	0.9999999443292257	1.8660117473767773e-08
Node_83	3.027322441862563e-13	3.027324129866524e-13	5.187713032031063e-13	9.421389752452515e-13	3.027324153007372e-13	3.0273236393324946e-13	6.219100383728926e-13	3.0273253839144363e-13	9.709875655812006e-13	5.6805827163419615e-12	0.999999999989752
SRR7800638	0.0	0.0	0.0	0.0	0.0	0.0	0.0	0.0	0.0	0.0	1.0
Node_88	3.183565947926883e-13	3.1835677230506215e-13	5.455456719116277e-13	9.907638242724323e-13	3.183567747385795e-13	3.183567207199581e-13	6.540075128633182e-13	3.183569041821353e-13	1.0211013227064329e-12	5.9737639605385925e-12	0.999999999989223
Node_89	1.1132140894135489e-10	1.1132147101303139e-10	1.907637970515676e-10	3.4644554769771405e-10	1.1132147186397207e-10	1.1132145297499932e-10	2.2869021399599406e-10	1.1132151712717455e-10	3.570538188146617e-10	2.0888771636827347e-09	0.9999999962315621
ERR5413410	0.0	0.0	0.0	0.0	0.0	0.0	0.0	0.0	0.0	1.0	0.0
ERR5412948	0.0	0.0	0.0	0.0	0.0	0.0	0.0	0.0	0.0	1.0	0.0
Node_32	3.584822024696377e-14	3.5848240235563915e-14	6.143061498129529e-14	0.9999999999985739	3.5848240509587656e-14	3.5848234426875787e-14	7.364385015978845e-14	3.5848255085447474e-14	1.1498007488955256e-13	6.726696090596595e-13	3.242501581202632e-13
Node_44	3.584649361052518e-14	3.584651359816256e-14	6.142765616388284e-14	0.999999999998574	3.58465138721731e-14	3.584650778975421e-14	7.36403030895493e-14	3.584652844733087e-14	1.1497453685208098e-13	6.726372097982696e-13	3.2423454054889213e-13
Node_48	3.584653118688799e-14	3.5846551174546326e-14	6.142772055589617e-14	0.999999999998574	3.5846551448557155e-14	3.584654536613189e-14	7.364038028356377e-14	3.5846566023730204e-14	1.1497465737502412e-13	6.726379148954017e-13	3.242348804302447e-13
SRR28113972	0.0	0.0	0.0	1.0	0.0	0.0	0.0	0.0	0.0	0.0	0.0
ERR363321	0.0	0.0	0.0	0.0	0.0	0.0	1.0	0.0	0.0	0.0	0.0
ERR330835	0.0	0.0	0.0	0.0	0.0	0.0	1.0	0.0	0.0	0.0	0.0
SRR6388686	0.0	0.0	0.0	0.0	0.0	0.0	0.0	0.0	0.0	1.0	0.0
SRR6388766	0.0	0.0	0.0	0.0	0.0	0.0	0.0	0.0	0.0	1.0	0.0
SRR6388762	0.0	0.0	0.0	0.0	0.0	0.0	0.0	0.0	0.0	1.0	0.0
SRR6388677	0.0	0.0	0.0	0.0	0.0	0.0	0.0	0.0	0.0	1.0	0.0
SRR7800634	0.0	0.0	0.0	0.0	0.0	0.0	0.0	0.0	0.0	0.0	1.0
SRR12051521	0.0	0.0	0.0	0.0	0.0	0.0	0.0	0.0	0.0	0.0	1.0
Node_86	3.027344245497691e-13	3.02734593351381e-13	5.18775039541216e-13	9.421457607974516e-13	3.0273459566548245e-13	3.0273454429762473e-13	6.219145175454351e-13	3.0273471875707537e-13	9.709945589091331e-13	5.68062362951036e-12	0.9999999999897519
Node_87	1.1130841626482622e-10	1.1130847832925813e-10	1.9074153240066138e-10	3.4640511293337863e-10	1.113084791800995e-10	1.1130846029333134e-10	2.2866352283205735e-10	1.1130852443801918e-10	3.570121459251852e-10	2.0886333641696497e-09	0.9999999962320019
SRR7800637	0.0	0.0	0.0	0.0	0.0	0.0	0.0	0.0	0.0	0.0	1.0
SRR7800491	0.0	0.0	0.0	0.0	0.0	0.0	0.0	0.0	0.0	0.0	1.0
Node_28	3.5846493608658266e-14	3.584651359629565e-14	6.142765616068364e-14	0.999999999998574	3.5846513870306196e-14	3.58465077878873e-14	7.364030308571406e-14	3.584652844546396e-14	1.1497453684609303e-13	6.726372097632383e-13	3.2423454053200576e-13
Node_31	3.5846493608658266e-14	3.584651359629565e-14	6.142765616068364e-14	0.999999999998574	3.5846513870306196e-14	3.58465077878873e-14	7.364030308571406e-14	3.584652844546396e-14	1.1497453684609303e-13	6.726372097632383e-13	3.2423454053200576e-13
SRR28113968	0.0	0.0	0.0	1.0	0.0	0.0	0.0	0.0	0.0	0.0	0.0
Node_43	3.5846494438069544e-14	3.5846514425707396e-14	6.142765758198838e-14	0.999999999998574	3.584651469971794e-14	3.584650861729891e-14	7.364030478959334e-14	3.584652927487605e-14	1.149745395063582e-13	6.726372253266263e-13	3.242345480341004e-13
SRR28113980	0.0	0.0	0.0	1.0	0.0	0.0	0.0	0.0	0.0	0.0	0.0
Node_47	3.5844766973993826e-14	3.584478696066846e-14	6.142469734631144e-14	0.999999999998574	3.58447872346658e-14	3.5844781152539887e-14	7.363675601911961e-14	3.5844801809121525e-14	1.149689988143119e-13	6.726048105351395e-13	3.242189229766822e-13
SRR7800636	0.0	0.0	0.0	0.0	0.0	0.0	0.0	0.0	0.0	0.0	1.0
SRR7800643	0.0	0.0	0.0	0.0	0.0	0.0	0.0	0.0	0.0	0.0	1.0
SRR7800488	0.0	0.0	0.0	0.0	0.0	0.0	0.0	0.0	0.0	0.0	1.0
SRR7800490	0.0	0.0	0.0	0.0	0.0	0.0	0.0	0.0	0.0	0.0	1.0
SRR28113970	0.0	0.0	0.0	1.0	0.0	0.0	0.0	0.0	0.0	0.0	0.0
Node_27	3.5846493442338645e-14	3.5846513429975935e-14	6.142765587567321e-14	0.999999999998574	3.584651370398648e-14	3.584650762156761e-14	7.364030274403972e-14	3.584652827914418e-14	1.149745363126372e-13	6.726372066423538e-13	3.2423453902763085e-13
Node_30	3.5846493442338645e-14	3.5846513429975935e-14	6.142765587567321e-14	0.999999999998574	3.584651370398648e-14	3.584650762156761e-14	7.364030274403972e-14	3.584652827914418e-14	1.149745363126372e-13	6.726372066423538e-13	3.2423453902763085e-13
SRR28113965	0.0	0.0	0.0	1.0	0.0	0.0	0.0	0.0	0.0	0.0	0.0
SRR28113983	0.0	0.0	0.0	1.0	0.0	0.0	0.0	0.0	0.0	0.0	0.0
Node_42	3.58654402217191e-14	3.586546021992092e-14	6.14601236607191e-14	0.9999999999985733	3.5865460494076295e-14	3.586545440844255e-14	7.367922556286007e-14	3.586547507693774e-14	1.1503530647352865e-13	6.729927312009229e-13	3.2440591423587435e-13
SRR28113986	0.0	0.0	0.0	1.0	0.0	0.0	0.0	0.0	0.0	0.0	0.0
SRR28113975	0.0	0.0	0.0	1.0	0.0	0.0	0.0	0.0	0.0	0.0	0.0
Node_26	3.5844766972175975e-14	3.584478695885061e-14	6.142469734319632e-14	0.999999999998574	3.584478723284795e-14	3.5844781150722036e-14	7.363675601538515e-14	3.5844801807303674e-14	1.1496899880848133e-13	6.726048105010287e-13	3.2421892296023955e-13
SRR28113962	0.0	0.0	0.0	1.0	0.0	0.0	0.0	0.0	0.0	0.0	0.0
Node_29	3.5844766972175975e-14	3.584478695885061e-14	6.142469734319632e-14	0.999999999998574	3.584478723284795e-14	3.5844781150722036e-14	7.363675601538515e-14	3.5844801807303674e-14	1.1496899880848133e-13	6.726048105010287e-13	3.2421892296023955e-13
SRR28113979	0.0	0.0	0.0	1.0	0.0	0.0	0.0	0.0	0.0	0.0	0.0
Node_39	3.584822107458378e-14	3.5848241063184383e-14	6.143061639953043e-14	0.9999999999985739	3.584824133720813e-14	3.584823525449612e-14	7.364385185998788e-14	3.5848255913068284e-14	1.1498007754407235e-13	6.726696245894354e-13	3.2425016560615554e-13
Node_41	3.933483679806996e-13	3.9334858730771754e-13	6.740538855339631e-13	0.9999999999843507	3.9334859031447186e-13	3.9334852357127596e-13	8.080648933923418e-13	3.9334875024962717e-13	1.2616309679121302e-12	7.380938051903498e-12	3.5578689718882716e-12
SRR28113977	0.0	0.0	0.0	1.0	0.0	0.0	0.0	0.0	0.0	0.0	0.0
SRR28113985	0.0	0.0	0.0	1.0	0.0	0.0	0.0	0.0	0.0	0.0	0.0
SRR28113960	0.0	0.0	0.0	1.0	0.0	0.0	0.0	0.0	0.0	0.0	0.0
SRR28113966	0.0	0.0	0.0	1.0	0.0	0.0	0.0	0.0	0.0	0.0	0.0
Node_34	3.584649352554244e-14	3.584651351317978e-14	6.14276560182538e-14	0.999999999998574	3.584651378719032e-14	3.584650770477145e-14	7.364030291496725e-14	3.584652836234806e-14	1.1497453657950621e-13	6.726372082036214e-13	3.242345397802162e-13
Node_38	3.584649360870225e-14	3.584651359633964e-14	6.142765616075901e-14	0.999999999998574	3.5846513870350177e-14	3.5846507787931284e-14	7.364030308580442e-14	3.584652844550795e-14	1.1497453684623412e-13	6.726372097640636e-13	3.2423454053240365e-13
Node_40	7.422446992270079e-09	7.422451130950437e-09	1.2719333910024033e-08	0.9999997046991773	7.42245118768761e-09	7.422449928249733e-09	1.524810912095439e-08	7.422454205649064e-09	2.380685861544904e-08	1.3927761217041835e-07	6.713665544070314e-08
SRR28113971	0.0	0.0	0.0	1.0	0.0	0.0	0.0	0.0	0.0	0.0	0.0
SRR28113978	0.0	0.0	0.0	1.0	0.0	0.0	0.0	0.0	0.0	0.0	0.0
Node_33	3.5844766972180084e-14	3.584478695885472e-14	6.142469734320335e-14	0.999999999998574	3.584478723285206e-14	3.5844781150726144e-14	7.36367560153936e-14	3.584480180730778e-14	1.149689988084945e-13	6.726048105011058e-13	3.242189229602767e-13
SRR28113964	0.0	0.0	0.0	1.0	0.0	0.0	0.0	0.0	0.0	0.0	0.0
Node_37	3.5846493525494644e-14	3.5846513513131984e-14	6.14276560181719e-14	0.999999999998574	3.584651378714253e-14	3.584650770472365e-14	7.364030291486906e-14	3.584652836230026e-14	1.149745365793529e-13	6.726372082027246e-13	3.2423453977978385e-13
SRR28113973	0.0	0.0	0.0	1.0	0.0	0.0	0.0	0.0	0.0	0.0	0.0
SRR28113987	0.0	0.0	0.0	1.0	0.0	0.0	0.0	0.0	0.0	0.0	0.0
SRR28113974	0.0	0.0	0.0	1.0	0.0	0.0	0.0	0.0	0.0	0.0	0.0
SRR28113963	0.0	0.0	0.0	1.0	0.0	0.0	0.0	0.0	0.0	0.0	0.0
SRR28113984	0.0	0.0	0.0	1.0	0.0	0.0	0.0	0.0	0.0	0.0	0.0
Node_36	3.584649344233483e-14	3.584651342997213e-14	6.142765587566669e-14	0.999999999998574	3.584651370398267e-14	3.58465076215638e-14	7.364030274403188e-14	3.584652827914037e-14	1.1497453631262498e-13	6.726372066422823e-13	3.242345390275964e-13
Node_35	3.5844766972175975e-14	3.584478695885061e-14	6.142469734319632e-14	0.999999999998574	3.584478723284795e-14	3.5844781150722036e-14	7.363675601538515e-14	3.5844801807303674e-14	1.1496899880848133e-13	6.726048105010287e-13	3.2421892296023955e-13
SRR28113961	0.0	0.0	0.0	1.0	0.0	0.0	0.0	0.0	0.0	0.0	0.0
SRR28113982	0.0	0.0	0.0	1.0	0.0	0.0	0.0	0.0	0.0	0.0	0.0
SRR28113967	0.0	0.0	0.0	1.0	0.0	0.0	0.0	0.0	0.0	0.0	0.0
