node	Australia	Brazil	Canada	China	Germany	Ireland	Japan	Netherlands	Norway	Singapore	Taiwan	Thailand	UK	USA
Node_279	0.0438042574256998	0.015224393791824808	0.030672090663070056	0.06423432077065469	0.045240204031366665	0.01511255360279707	0.13419477858612752	0.030870640615527977	0.04524556265397108	0.07154901610810985	0.06296069888901448	0.01886062055166107	0.3234102268154304	0.09862063549474452
Node_1	0.04439184416464466	0.015436288415213365	0.03109840169202767	0.06514368104880695	0.04596649847584805	0.015355179426512116	0.12789151356648765	0.030751922665696436	0.04597196089397522	0.07879762178257507	0.053140889072462505	0.017910007485760177	0.3280659037324363	0.10007828757755376
Node_278	0.015879737322542227	0.0053840991420631605	0.010857477530269298	0.022446659893189617	0.014299753413545432	0.004776744601399263	0.1911503618500323	0.020560985570058386	0.014301134745853223	0.1930612452577773	0.33423837776150456	0.028003512410836557	0.11165826241809065	0.0333816480828382
DRR317590	0.0	0.0	0.0	0.0	0.0	0.0	0.0	0.0	0.0	0.0	1.0	0.0	0.0	0.0
SRR14719106	0.0	0.0	0.0	0.0	0.0	0.0	0.0	0.0	0.0	1.0	0.0	0.0	0.0	0.0
Node_2	0.01518264245708495	0.005231898458917902	0.010543964872066136	0.02198452575863855	0.01498153980670407	0.005004568426758715	0.09391980420396008	0.013816990354636047	0.014983210398755551	0.5221651148340684	0.12497609968675033	0.013578690979694608	0.1102372561568268	0.03339369360513791
Node_277	0.01505244099534648	0.00508423333916073	0.010254289608752845	0.02115682310943012	0.013253393211978756	0.004427196632345393	0.20163763080753871	0.020834164163783368	0.0132546220536501	0.16757993089975773	0.36154120921626676	0.029581449365373543	0.10504009618375311	0.03130252041286242
SRR14719295	0.0	0.0	0.0	0.0	0.0	0.0	0.0	0.0	0.0	1.0	0.0	0.0	0.0	0.0
SRR14719253	0.0	0.0	0.0	0.0	0.0	0.0	0.0	0.0	0.0	1.0	0.0	0.0	0.0	0.0
Node_136	0.0027074160316460983	0.0009289924543554354	0.0018725260175244086	0.0038956316739371627	0.002610502831968289	0.0008717589471940658	0.026852560616606062	0.03008367590062059	0.002609993488631283	0.015853949833228156	0.8275003144199597	0.058833868892201845	0.019493730708911482	0.0058850781832154725
Node_276	0.012972870816901823	0.003717506357786848	0.007549965905007918	0.01410336314804552	0.0010828881463066059	0.0003617386974820908	0.8525500632223746	0.0009075059895851664	0.001083011537061497	0.020136728243957513	0.006373326841849204	0.0007953980331454986	0.0630509573776124	0.015314675682883323
ERR2524314	0.0	0.0	0.0	0.0	0.0	0.0	0.0	1.0	0.0	0.0	0.0	0.0	0.0	0.0
Node_135	0.002702752492673065	0.0009273948961646085	0.0018693056913408237	0.003888937827690077	0.0026060489133119115	0.0008702710445047803	0.026815013572956403	0.030027162125262692	0.002605538854782915	0.015824045953215633	0.8276830300402009	0.0588452488064986	0.019460262359098902	0.00587498742229863
Node_143	0.01852428250011332	0.0035475485688612743	0.0072007830453644575	0.01356357599886128	0.0016948983484067093	0.0005661818600820527	0.8493938362197592	0.0012946136330028678	0.0016950951131211249	0.018800156517326003	0.006308883676983978	0.000988293165266648	0.06122530801355079	0.015196543339300459
Node_275	0.012963369144359322	0.0037179933785675824	0.007550962713114433	0.014105009097114728	0.001081759209815926	0.00036136157692259903	0.8525644817182532	0.0009065119911945525	0.001081882473318449	0.020134160358969182	0.006365286211231711	0.0007944710770790864	0.0630571871226272	0.015315563927431934
Node_18	5.488025816872565e-07	1.906946315831901e-07	3.841896670190773e-07	8.044843472794802e-07	5.661104780766622e-07	1.8910652356059586e-07	1.8025206130589012e-06	7.329019634774353e-07	1.0731980620569152e-06	8.661244689308963e-07	1.0875565162085364e-05	0.9999762979357472	4.238048411902421e-06	1.4303173422003198e-06
Node_134	0.0001839772239048903	6.325622338298932e-05	0.00012749264155556203	0.0002655227793275938	0.00018034213143821077	5.990592531137757e-05	0.00801326435383258	0.0023616906626095784	0.00017935439327491999	0.0009509859906804091	0.9824676053481319	0.0034141004597094925	0.0013303345541758728	0.00040216731266472987
SRR6871404	1.0	0.0	0.0	0.0	0.0	0.0	0.0	0.0	0.0	0.0	0.0	0.0	0.0	0.0
Node_142	0.01154380889396427	0.0026325946467537827	0.005329375306747159	0.010438107197860445	0.003606200913066234	0.001204656291290907	0.8771168060998324	0.0024822688584114298	0.0036066274394351418	0.012474703233247371	0.005487381597842572	0.0015472880641095137	0.04918676339839194	0.013343418059046708
Node_163	0.012969058395383136	0.0037348534708707354	0.007582445544821347	0.014119210613761627	0.0010863583890973662	0.00036289794049699744	0.8523117473910595	0.0009095193585629836	0.001086482201152856	0.020134047688485715	0.006367667330532833	0.0007961212269266309	0.06317356038333538	0.01536603006551278
Node_274	0.006893834960403619	0.0019859624121155097	0.004336968278294261	0.013837100412446743	0.0007121340308719185	0.00023788861974610273	0.8819311772527101	0.0005712379822569644	0.0007122159149356795	0.020330769976243314	0.003446200915650721	0.00047092227352837327	0.05407430923011583	0.010459277740680645
Node_16	5.493671881691589e-07	1.9089162201368675e-07	3.845864792999664e-07	8.053169994070592e-07	5.667053550106224e-07	1.8930525769077116e-07	1.8031461819027858e-06	7.318461913370359e-07	1.0764073004524922e-06	8.662237036829292e-07	1.0833721707954591e-05	0.9999763266589794	4.243215177679431e-06	1.4326078560008874e-06
Node_17	5.483095422403704e-07	1.9052396626341468e-07	3.838457802276876e-07	8.037656659802728e-07	5.656120092591656e-07	1.8894002727821977e-07	1.7999035081936452e-06	7.307741333273103e-07	1.0701392866070756e-06	8.647034458559792e-07	1.0822736706408314e-05	0.9999763690263667	4.23348741547111e-06	1.4282321462890547e-06
Node_74	3.599546641367544e-08	1.2512922272891018e-08	2.5209185279679754e-08	1.995478432945756e-07	1.0470399364684451e-06	1.2431574755156104e-08	1.5300996503978135e-07	3.993600771872101e-08	3.721897555322764e-08	5.145955485683511e-08	0.9999862855815926	3.688602210309822e-08	1.1819476212798654e-05	2.43694740698816e-07
Node_133	0.00018369036326678143	6.315785437314906e-05	0.0001272943590798837	0.0002651103939350263	0.00018006689336973157	5.981387713625644e-05	0.008012038932323409	0.002358453260852002	0.00017907880645296462	0.0009492460176065412	0.9824846621322221	0.003407571342012615	0.0013282709368607017	0.00040154483050883075
DRR317410	0.0	0.0	0.0	0.0	0.0	0.0	1.0	0.0	0.0	0.0	0.0	0.0	0.0	0.0
DRR317436	0.0	0.0	0.0	0.0	0.0	0.0	1.0	0.0	0.0	0.0	0.0	0.0	0.0	0.0
ERR490668	0.0	0.0	0.0	0.0	0.0	0.0	0.0	0.0	0.0	0.0	0.0	0.0	1.0	0.0
Node_162	0.035049406658995766	0.10824705281137953	0.2015613427781078	0.07920811951497432	0.006491252966685782	0.00216841285118916	0.17908629624242825	0.004361582418469543	0.006492023806977896	0.011685110672627518	0.006771196175036787	0.0025677333157094434	0.05683665750645573	0.2994738122809624
Node_164	0.0005501989987571319	0.00018878677802544065	0.000382417160016327	0.0008305697091102385	0.0005301328971246465	0.00017709171661485046	0.006912144484974922	0.0003539283800373884	0.0005301959165837889	0.9835575114628776	0.00048662765725435706	0.0002050582201627464	0.004086169872887079	0.0012091667455734556
Node_273	0.006883086755354834	0.0019828882856857454	0.004331271714232084	0.013837486104176814	0.0007113705934555777	0.00023763359389942604	0.8820137141046775	0.0005705733266314975	0.0007114523912477926	0.02029845741742267	0.0034409829895878387	0.0004703107890878069	0.05406006899942527	0.010450702935115278
Node_3	2.0543378277635172e-10	7.144177948768126e-11	1.4392820396377733e-10	3.0150945768964076e-10	2.1282505844176682e-10	7.109454282541066e-11	5.847848018625489e-10	1.4186915967719264e-10	2.128833369063429e-10	2.6625386202405364e-10	1.8901948794216095e-10	0.9999999956171984	1.5184918977811382e-09	4.632662656821849e-10
Node_15	5.0806860085912675e-05	1.766860904308669e-05	3.559557547420192e-05	7.456771759142388e-05	5.263458445997873e-05	1.758266469579633e-05	0.00014465062553818271	3.5122545224703785e-05	0.00045173869752540465	6.586440514431449e-05	4.78072868689313e-05	0.9982146570949627	0.000523148225476052	0.0002681551079092392
SRR14066540	0.0	0.0	0.0	0.0	0.0	0.0	0.0	0.0	0.0	0.0	0.0	1.0	0.0	0.0
SRR14043016	0.0	0.0	0.0	0.0	0.0	0.0	0.0	0.0	0.0	0.0	0.0	1.0	0.0	0.0
Node_68	2.773381460090144e-06	9.644721419478952e-07	1.94304716427238e-06	6.920301180710039e-05	0.0004516454888171697	9.597814156703092e-07	7.90323805634865e-06	1.917562977499357e-06	2.8734952934178505e-06	3.595160652865044e-06	0.997999287076729	1.1086497482918093e-06	0.0013773642033438024	7.846143039263548e-05
Node_73	3.4128971543466346e-08	1.1864135567930686e-08	2.3902101690999728e-08	1.8759426349815787e-07	9.816921798650897e-07	1.178723079618803e-08	1.4452242990185358e-07	3.770005908180264e-08	3.5289869697069035e-08	4.873853974815149e-08	0.9999865959060522	3.472649059837113e-08	1.1622868744864405e-05	2.2927893100300428e-07
Node_106	0.00284676316973848	0.0009899619350046036	0.001994401720056593	0.004177927755253151	0.0029487591045186503	0.0009850234038729496	0.9047477179325271	0.0020592956740062038	0.002949067354957115	0.0037192843417432715	0.043848087802368006	0.0012739433219549584	0.02104083757397351	0.006418928910025509
Node_132	1.0065747572859588e-05	3.4697758340384214e-06	6.992630507699381e-06	1.4582577191298329e-05	1.1231005868718914e-05	3.323872586621881e-06	0.0012468703933041887	0.0007310856251817383	9.951433341297804e-06	4.326267390682277e-05	0.9976781710919732	0.00014568480476220998	7.314873122754455e-05	2.2159636741858813e-05
SRR32604910	0.0	0.0	0.0	1.0	0.0	0.0	0.0	0.0	0.0	0.0	0.0	0.0	0.0	0.0
Node_161	0.03505405910705212	0.10828010559008505	0.20162250220178096	0.0791623063864498	0.006489320411711858	0.0021677672783902463	0.17898177585909322	0.004360272720737179	0.0064900910228353125	0.011680499929190673	0.006768854350396785	0.0025669460448137565	0.05681639505673925	0.29955910404072394
SRR14719211	0.0	0.0	0.0	0.0	0.0	0.0	0.0	0.0	0.0	1.0	0.0	0.0	0.0	0.0
SRR14719179	0.0	0.0	0.0	0.0	0.0	0.0	0.0	0.0	0.0	1.0	0.0	0.0	0.0	0.0
SRR32604964	0.0	0.0	0.0	1.0	0.0	0.0	0.0	0.0	0.0	0.0	0.0	0.0	0.0	0.0
Node_272	0.0013286991836820852	0.0003854232982690055	0.0013689268247049397	0.0026470672498855345	0.00017873362774419813	5.970620408623873e-05	0.9363797479867927	0.00013712097448251805	0.00017875436002714884	0.0038449792570441604	0.0006827544026230018	0.00010544135963984049	0.04681282735948296	0.0058898179115358384
SRR14043037	0.0	0.0	0.0	0.0	0.0	0.0	0.0	0.0	0.0	0.0	0.0	1.0	0.0	0.0
SRR14043052	0.0	0.0	0.0	0.0	0.0	0.0	0.0	0.0	0.0	0.0	0.0	1.0	0.0	0.0
Node_11	2.0284730768329978e-05	7.054225143578623e-06	1.4211599877914478e-05	2.977130250817694e-05	2.1014469009960947e-05	7.019916037780821e-06	5.775044833558411e-05	1.4020419413155794e-05	0.0004845423218733958	2.6295467671000912e-05	1.90191541737626e-05	0.9988742176444345	0.00020067673142890993	0.00022412156932385494
Node_14	1.9862194828706406e-10	6.907290149814203e-11	1.3915580873135626e-10	2.9151197825484737e-10	2.0576829353661592e-10	6.873721972064828e-11	5.653793769120295e-10	1.3714299295211438e-10	2.0602305850016721e-10	2.574156998293417e-10	1.8210646583618008e-10	6.55121427147859e-10	0.9999999965759612	4.479816492757661e-10
Node_25	2.9988322267206156e-06	1.0428750517933425e-06	2.100999415979108e-06	6.949281448047303e-05	0.00045159596851128116	1.0378033038906522e-06	8.544980378000945e-06	2.0732288518247747e-06	3.107085477147666e-06	3.887346185898353e-06	0.9979769139186124	1.1984520798247536e-06	0.0013970814209478893	7.892427447706321e-05
Node_67	2.886529031882954e-06	1.0038204185024265e-06	2.022319080178759e-06	7.213454364087887e-05	0.00047081720875993724	9.989384724455638e-07	8.225299758194197e-06	1.9956840755630623e-06	2.990727838929762e-06	3.741799511405577e-06	0.9979683344848438	1.1537140801352512e-06	0.001381912488544743	8.178244194339429e-05
Node_71	2.8392586869082003e-07	9.873367292884184e-08	1.989114100563776e-07	5.541714350308896e-07	1.2401816116622873e-06	9.82346040140375e-08	8.555570225501729e-07	2.1017350923772293e-07	2.9410516193273495e-07	3.72475981081749e-07	0.9999763200591215	1.3422260568017423e-07	1.85467238876421e-05	7.925241080624243e-07
Node_72	4.17110549935416e-08	1.4500901210149902e-08	2.9214187431032898e-08	1.9826477498851038e-07	9.863984139792597e-07	1.4411246276641493e-08	1.6594728336569368e-07	4.2888248422488625e-08	4.3145924831679096e-08	5.854998659554399e-08	0.9999864803418255	3.7676385847653207e-08	1.1641080010362777e-05	2.4586975641340166e-07
DRR444231	0.0	0.0	0.0	0.0	0.0	0.0	1.0	0.0	0.0	0.0	0.0	0.0	0.0	0.0
Node_105	0.0028453693953553925	0.0009894772564158143	0.001993425274128603	0.0041758822833015555	0.0029473154846532965	0.0009845411703716183	0.9048032117543339	0.0020582674454418977	0.0029476235932296363	0.003717457008206553	0.04381781704479891	0.0012732897194059096	0.021030536250564	0.00641578631979286
Node_129	1.0075051319963693e-05	3.4730549277858957e-06	6.999233314300592e-06	1.4596502941019312e-05	1.1239503201727806e-05	3.3273191050107574e-06	0.0012467055405720347	0.0007311400836335362	9.961751790505007e-06	4.3231794260735036e-05	0.997678362304371	0.00014548719733185325	7.321928111825977e-05	2.2181382112238626e-05
Node_131	1.0199570761720008e-05	3.5467250499212406e-06	7.1453331442324554e-06	1.4967862907519142e-05	0.00015707410989664337	3.528292609165833e-06	4.032412196902045e-05	1.3754104640563945e-05	1.056337638008931e-05	1.349879514459776e-05	0.9996216473742917	5.375944287642842e-06	7.537932206455199e-05	2.2995066852546444e-05
Node_151	0.021795812304691502	0.1685460406894497	0.11518166902060607	0.04762750585752574	0.005750147975375673	0.001920845718757191	0.10673212554945402	0.0038522861847750537	0.005750831136829129	0.00920355982589569	0.00566771963692483	0.0022514482505538898	0.04696037391719053	0.45875963393197106
Node_160	0.1085044795989983	3.776175278889593e-05	0.8911025853416898	3.633884237325659e-05	9.56789157192736e-06	3.196169008202547e-06	7.876504347450043e-05	6.388384680791636e-06	9.569028934636597e-06	1.3129429580360242e-05	8.801647443367327e-06	3.7022371996890027e-06	7.194233064323314e-05	0.00011377230161319722
Node_185	0.00031955149402964006	9.437992711213958e-05	0.0009069398331700442	0.0006212885881470008	6.933011873538385e-05	2.31598249432142e-05	0.9632066691616601	5.014028322379658e-05	6.933824887807674e-05	0.0008780211729223571	0.00017597940197384895	3.468055434020789e-05	0.03219766726243058	0.001352854128433584
Node_271	0.0013291313044001961	0.0003856068593265947	0.0013690393392242367	0.002647398774841319	0.00017970147421361113	6.002951558888329e-05	0.9363188647960528	0.00013775822100780194	0.00017972232180681386	0.003844617306282414	0.0006833831340698109	0.00010579755054805573	0.04685898590168923	0.005899963500948341
Node_9	0.0001395570572048578	4.85324512911653e-05	9.77745597017258e-05	0.00020482403371838788	0.00014457820406746607	4.8296574702489414e-05	0.00039725699265459076	9.636976979053676e-05	0.00498131610686504	0.00018087124780760802	0.00012823004154111417	0.9902913665322336	0.0010650021206756132	0.0021760243077457286
Node_10	2.2092146675777124e-13	7.682779556154752e-14	1.547789914689621e-13	3.242403604345155e-13	2.2887011908160045e-13	7.645442058128925e-14	6.288572972996448e-13	1.5254331407227664e-13	3.302803483650878e-13	2.863174252853042e-13	2.0264310609513992e-13	0.9999999999951361	1.64405658483846e-12	5.371939382691998e-13
Node_12	1.521980036248893e-14	5.292847947608543e-15	1.066308958599645e-14	2.233768297553944e-14	1.5767403234287296e-14	5.267125667970419e-15	4.33233144433607e-14	1.0508852663222799e-14	1.5778101206441432e-14	1.972498767142272e-14	1.3954241704763e-14	2.8130287964928476e-14	0.9999999999997596	3.432408584842565e-14
Node_13	1.521980036248893e-14	5.292847947608543e-15	1.066308958599645e-14	2.233768297553944e-14	1.5767403234287296e-14	5.267125667970419e-15	4.33233144433607e-14	1.0508852663222799e-14	1.5778101206441432e-14	1.972498767142272e-14	1.3954241704763e-14	2.8130287964928476e-14	0.9999999999997596	3.432408584842565e-14
DRR317517	0.0	0.0	0.0	0.0	0.0	0.0	0.0	0.0	0.0	0.0	1.0	0.0	0.0	0.0
Node_24	2.1599263902168032e-07	7.511374451588251e-08	1.5132582587753067e-07	3.1812841276943564e-07	2.3149435289845764e-07	7.474870532417949e-08	6.148253565232635e-07	1.4913699607804695e-07	2.237905825598035e-07	2.799282626572918e-07	1.739959712854126e-05	8.603737161301253e-08	0.9999796915728268	4.883077948263824e-07
Node_29	0.0032970250621119006	0.0011465756390830438	0.002309916868544045	0.0048770269176044555	0.1676258090168907	0.0011410034881169262	0.009385019700373276	0.0022765061994187742	0.003416056963187625	0.004272972242596757	0.5626313548229167	0.001313320782308048	0.2288304025313639	0.007477009765483949
Node_66	2.5774678641885344e-05	8.963419375172896e-06	1.8057904700847945e-05	0.005231517911065043	0.0014718775397187175	8.919858372292274e-06	7.336890403884208e-05	1.7797008957569908e-05	2.67052270935941e-05	3.3404294251128584e-05	0.9869073170395094	1.0267398308160209e-05	0.00035006041928504697	0.005815968396682325
ERR5412506	0.0	0.0	0.0	0.0	0.0	0.0	0.0	0.0	0.0	0.0	0.0	0.0	1.0	0.0
SRR19357823	0.0	0.0	0.0	0.0	0.0	0.0	0.0	0.0	0.0	0.0	1.0	0.0	0.0	0.0
DRR317529	0.0	0.0	0.0	0.0	0.0	0.0	0.0	0.0	0.0	0.0	1.0	0.0	0.0	0.0
DRR317572	0.0	0.0	0.0	0.0	0.0	0.0	0.0	0.0	0.0	0.0	1.0	0.0	0.0	0.0
DRR317597	0.0	0.0	0.0	0.0	0.0	0.0	1.0	0.0	0.0	0.0	0.0	0.0	0.0	0.0
Node_103	8.694440885047053e-07	3.023553900138837e-07	6.091321499349302e-07	1.276040158095907e-06	9.006829233257767e-07	3.0087310269891494e-07	0.9999793778127097	6.098024824180204e-07	9.00785735003918e-07	1.129826381298246e-06	4.968015670923977e-06	3.6048722570826816e-07	6.42643968421017e-06	1.96830229821264e-06
ERR2759465	0.0	0.0	0.0	0.0	0.0	0.0	0.0	1.0	0.0	0.0	0.0	0.0	0.0	0.0
Node_128	1.0088011177268975e-05	3.477604499129715e-06	7.00839572773415e-06	1.461578861555727e-05	1.1251813666690075e-05	3.3320258332081304e-06	0.001246589582901672	0.0007301415450137609	9.975843191451103e-06	4.320661153512733e-05	0.9976794890666649	0.00014529554055219002	7.331681568775051e-05	2.2211354933517803e-05
Node_130	1.2190429286580744e-05	4.239215748292245e-06	8.540429031688434e-06	1.789071302014652e-05	0.0003787875128705812	4.218041821132257e-06	4.0101222237642854e-05	1.1627653036621443e-05	1.2628420199957955e-05	1.5932867854655343e-05	0.9993707714700383	5.483993509062405e-06	9.0100968911081e-05	2.748706243405925e-05
DRR317491	0.0	0.0	0.0	0.0	0.0	0.0	0.0	0.0	0.0	0.0	1.0	0.0	0.0	0.0
Node_145	2.785293572492086e-05	0.999198976904762	7.569711589964106e-05	4.967292546064088e-05	1.9391133139022405e-05	6.4776381934720154e-06	0.00010441426071138978	1.2935205880605698e-05	1.9393438567367795e-05	2.5388626003103824e-05	1.7486715500461164e-05	7.478678265106466e-06	0.00014168996491813093	0.0002931444569742373
Node_150	3.2772030712328514e-07	1.949732214158838e-06	1.369056995449187e-06	6.593364188289665e-07	1.4757284270423434e-07	4.9296936342122584e-08	1.4425342596706464e-06	9.858261776438625e-08	1.475903836732716e-07	2.0753821099668385e-07	1.372037428605091e-07	5.7203853084767295e-08	1.1205860600766446e-06	0.9999922860451572
SRR25361527	1.0	0.0	0.0	0.0	0.0	0.0	0.0	0.0	0.0	0.0	0.0	0.0	0.0	0.0
Node_159	0.10680715152983665	1.888164061300195e-05	0.8929960848990317	1.8181298344473124e-05	4.793460444738484e-06	1.6012628907278862e-06	3.940497438869e-05	3.2005329806726287e-06	4.794030257480713e-06	6.576536030660001e-06	4.409220742593068e-06	1.8547753442955484e-06	3.6165514187979375e-05	5.6900324906060024e-05
Node_177	0.0002601464928372477	8.053324246935211e-05	0.0012233385116450857	0.00047215699494136936	0.00011424163316377103	3.816259030805687e-05	0.9684504239104763	7.847399953365207e-05	0.00011425514988179798	0.0006123490563080036	0.00016910387368456877	4.868565048432718e-05	0.02737640635798358	0.0009617225362829624
Node_184	0.0006985343619062686	0.00023429868271985905	0.0008411378311712201	0.0011036419264811703	0.0005888959189956664	0.000196721596306658	0.9426236811469916	0.00039451948171457006	0.000588965884576719	0.0011441801495981664	0.0005801995528233705	0.0002305621072976669	0.04887388127541399	0.0019007800840030605
Node_191	0.0023445241011064728	0.000763315548247495	0.0019398696493238173	0.00391401092470405	0.0016159817860414139	0.000539821209836328	0.9103316474941731	0.001089253006705516	0.0016161735851650905	0.004479331661506795	0.001786165754803485	0.0006462651386582606	0.04247510996394124	0.026458530175787056
Node_270	0.0013336724187843541	0.00038721114904657905	0.001372077605260421	0.002653835683874891	0.00018479773349945215	6.173193296615105e-05	0.9360266526076295	0.0001411489521072641	0.00018481918724637514	0.0038498082632891636	0.000687721770349993	0.0001077450540114981	0.04709952374207869	0.005909253899855483
SRR30795565	0.0	0.0	0.0	0.0	0.0	0.0	0.0	0.0	0.0	0.0	0.0	0.0	0.0	1.0
Node_8	0.00013963822625924884	4.856067869740771e-05	9.78314272641163e-05	0.000204943163320323	0.00014466229358012743	4.8324664935519847e-05	0.00039748803869119216	9.642581111661948e-05	0.004986085110089663	0.00018097644197100836	0.0001283043537093075	0.9902856829123434	0.0010655891538581964	0.002175487724163862
SRR14043018	0.0	0.0	0.0	0.0	0.0	0.0	0.0	0.0	0.0	0.0	0.0	1.0	0.0	0.0
SRR14043017	0.0	0.0	0.0	0.0	0.0	0.0	0.0	0.0	0.0	0.0	0.0	1.0	0.0	0.0
ERR5413440	0.0	0.0	0.0	0.0	0.0	0.0	0.0	0.0	0.0	0.0	0.0	0.0	1.0	0.0
SRR6045937	0.0	0.0	0.0	0.0	0.0	0.0	0.0	0.0	0.0	0.0	0.0	0.0	1.0	0.0
SRR6046826	0.0	0.0	0.0	0.0	0.0	0.0	0.0	0.0	0.0	0.0	0.0	0.0	1.0	0.0
ERR5412126	0.0	0.0	0.0	0.0	0.0	0.0	0.0	0.0	0.0	0.0	0.0	0.0	1.0	0.0
Node_22	8.287022395657234e-12	2.881900447368864e-12	5.8059409513621305e-12	1.22056206651706e-11	8.881362300894364e-12	2.8678949332461436e-12	2.3589097851866504e-11	5.721961783477071e-12	8.586207280085728e-12	1.0740050180219355e-11	6.666457357228799e-10	3.3010089041204363e-12	0.9999999992217513	1.8734912301429444e-11
Node_23	8.295308281282645e-12	2.8847819530523208e-12	5.811746096970565e-12	1.2174833972205832e-11	8.594031174021803e-12	2.8707624376884707e-12	2.3612677918657008e-11	5.72768123123236e-12	8.594792318177446e-12	1.0750788205783839e-11	8.185672051742146e-12	3.3043068751758012e-12	0.9999999998804867	1.8705984262717352e-11
Node_26	2.7827507606402777e-11	9.677312646363312e-12	1.9496130008128306e-11	4.0894334683330287e-11	0.9999999983671475	9.630282665074045e-12	7.921128526753909e-11	1.921412736108022e-11	2.8832159145372325e-11	3.606468087497154e-11	7.995991827024426e-10	1.1084657336559319e-11	4.885114022214354e-10	6.280949068520493e-11
Node_28	1.9840803220295237e-10	6.899850990264093e-11	1.39005937762626e-10	2.9166429794603126e-10	2.216579813173285e-09	6.866318967538689e-11	5.647705064575634e-10	1.3699528363927443e-10	2.0557112194965154e-10	2.571384579843212e-10	7.0352689315274045e-09	7.903277671747816e-11	0.9999999882899756	4.479275687699857e-10
Node_64	2.5709828786648103e-05	8.940867146489069e-06	1.8012470477660475e-05	0.005235361356995661	0.001472585212291664	8.897415744696446e-06	7.318430493010403e-05	1.7752230924876882e-05	2.6638035989238402e-05	3.332024798334453e-05	0.9869053888241713	1.0241564884747103e-05	0.00034906186146258845	0.005814905778211004
Node_65	2.0779862020413674e-05	7.226418706872178e-06	1.4558504385508042e-05	3.2299344414097757e-05	2.202873978449197e-05	7.191299626769631e-06	5.915008523897938e-05	1.4347920835837999e-05	2.153007367999054e-05	2.693087323842633e-05	0.00036132984939985646	8.27733459407929e-06	0.00015365133168551094	0.9992506983623891
DRR317608	0.0	0.0	0.0	0.0	0.0	0.0	1.0	0.0	0.0	0.0	0.0	0.0	0.0	0.0
Node_102	8.371538184820456e-07	2.911262250016877e-07	5.86509614295492e-07	1.2286493663839555e-06	8.672325732415285e-07	2.8969901753926404e-07	0.9999801529111534	5.871335510875027e-07	8.673315763298918e-07	1.0878589300081985e-06	4.774050566679941e-06	3.4706699176502797e-07	6.18776852826894e-06	1.8955080874455418e-06
Node_111	5.492421442374138e-09	1.909953186240408e-09	3.847841557772918e-09	8.060486279767832e-09	5.692521413860582e-09	1.900271930584912e-09	1.9412750676245187e-08	6.036057115068172e-09	5.689235380741984e-09	7.2117112211583256e-09	0.9999998791430593	2.626140318841922e-09	4.059379174748951e-08	1.2383758514349469e-08
Node_127	0.00025319244379690137	8.802275517274733e-05	0.00017733471466221398	0.0003714320621609508	0.00026302480862989074	8.747887506021403e-05	0.0042674155495219706	0.0008273399419808156	0.0002619035762996866	0.00035532785193928643	0.9903783690470374	0.00022832880889172923	0.001870364584132652	0.0005704649807136976
DRR317565	0.0	0.0	0.0	0.0	0.0	0.0	0.0	0.0	0.0	0.0	1.0	0.0	0.0	0.0
ERR7253765	0.0	0.0	0.0	0.0	1.0	0.0	0.0	0.0	0.0	0.0	0.0	0.0	0.0	0.0
Node_144	3.5996401857289446e-11	0.9999999991147585	5.6823799679399826e-11	5.777774771605058e-11	3.1967827098554925e-11	1.0678902493345817e-11	1.1660073204090106e-10	2.131258970035694e-11	3.197162813150417e-11	4.0627539466347014e-11	2.8474748237884653e-11	1.2304453347625295e-11	2.2996328388413023e-10	2.1074196052871266e-10
SRR13997849	0.0	1.0	0.0	0.0	0.0	0.0	0.0	0.0	0.0	0.0	0.0	0.0	0.0	0.0
SRR7800460	0.0	0.0	0.0	0.0	0.0	0.0	0.0	0.0	0.0	0.0	0.0	0.0	0.0	1.0
Node_149	3.9372134515114015e-12	2.341720700301562e-11	1.6443574060770163e-11	7.920573461860137e-12	1.7736393915483156e-12	5.924869818831729e-13	1.732864724302062e-11	1.1848367732772766e-12	1.7738502119220212e-12	2.494153053554824e-12	1.6489599122698748e-12	6.875142273073202e-13	1.346745681594046e-11	0.9999999999073299
Node_153	0.9999989087368488	4.615438018684072e-09	8.262643012229125e-07	1.942250279717602e-08	1.3702321801715178e-08	4.577281991177752e-09	3.7673193360361374e-08	9.132496247890958e-09	1.3703951110485857e-08	1.714210543909999e-08	1.2126762104337965e-08	5.2685568279251965e-09	9.776607227234572e-08	2.986816808118173e-08
Node_158	1.6263518209602477e-05	2.9044643497194396e-09	0.9999834230990341	2.892415429180632e-09	8.173985225606376e-10	2.7305324431072883e-10	6.240587796988896e-09	5.456620895432414e-10	8.174956921518212e-10	1.1108688304952354e-09	7.488282441468915e-10	3.160697500089215e-10	2.878612834380015e-07	8.854629140612057e-09
Node_174	0.00026099204832728254	8.082970865802332e-05	0.0012283122243705274	0.00047337603074065824	0.00011515535525259552	3.8467820599783616e-05	0.9684283250246214	7.908242110860316e-05	0.00011516898063544013	0.0006133780047022923	0.00016989599113813317	4.903581980031821e-05	0.027384442486054438	0.0009635380839904639
Node_176	0.00026061391184247504	8.069869267943515e-05	0.0012233620872900638	0.0004728166397495222	0.00011477119308722781	3.833949062892579e-05	0.9684439367810364	7.882626612880318e-05	0.00011478477279360011	0.00061287450244813	0.0001695526865712794	4.888787699835652e-05	0.0273778680243048	0.0009626670744410031
Node_178	0.0014439948806522084	0.0004947650571917581	0.0013134690196658228	0.002186598764693375	0.0013803138950965192	0.0004610960075520456	0.903074352910807	0.0009217058956611486	0.0013804779745314184	0.0020763857051795376	0.0012722268091826415	0.0005342758909592435	0.07992477087136797	0.0035355663174592576
Node_182	0.0005022694299084059	0.00017429685127809107	0.0003670940874834746	0.0007405561658362649	0.0005145165777635514	0.00017187506590337926	0.9673353532414933	0.0003430088108961447	0.0005145777551160667	0.0006612685821294381	0.000457900031638319	0.00019801029915122596	0.026872583694248813	0.0011466894071532718
DRR317598	0.0	0.0	0.0	0.0	0.0	0.0	1.0	0.0	0.0	0.0	0.0	0.0	0.0	0.0
Node_190	7.682396562600787e-08	2.6667591109388935e-08	5.410203988285534e-08	1.1319584096484947e-07	7.882603638862686e-08	2.6331960499296618e-08	1.065788592526207e-06	5.254839012167167e-08	7.883540906494614e-08	1.009151408348553e-07	7.009509245296063e-08	3.03319908596797e-08	5.914222465575341e-07	0.9999976341157031
Node_192	1.960493644435202e-10	6.80921703437119e-11	1.3784543081199312e-10	2.885190963865364e-10	2.0175782958388192e-10	6.739751793276271e-11	1.6059217809350353e-09	1.3449023894714273e-10	2.0178181951976361e-10	2.5646609283437816e-10	1.7914567646461782e-10	7.761717694225376e-11	0.9999999961395621	4.453536041761008e-10
Node_269	0.0027521211085845747	0.0009521898105934084	0.0019560980901511802	0.004083676190405434	0.0027747290633987273	0.0009269358419732681	0.06735129171227948	0.0018504834477897987	0.002775058966308912	0.0037022077910644205	0.0024891117162541628	0.001069226469327773	0.9009255654955172	0.006391304296351686
ERR5384814	0.0	0.0	0.0	0.0	0.0	0.0	0.0	0.0	1.0	0.0	0.0	0.0	0.0	0.0
Node_7	4.693206583235741e-07	1.6321126478856866e-07	3.2880905620957105e-07	6.888090335732017e-07	4.862066281354168e-07	1.6241808321616728e-07	1.335927587792638e-06	3.2405537213145755e-07	1.7237945209440323e-06	6.082445179146089e-07	4.303657715800387e-07	0.9999882673532116	3.4775691178511924e-06	1.5339151759887544e-06
Node_21	7.927509075386514e-15	2.756875855326673e-15	5.554063618249893e-15	1.1636634253854161e-14	8.22408542556493e-15	2.7434779402351738e-15	2.2565734020746322e-14	5.4737261038734015e-15	8.213714522758985e-15	1.0274117410750967e-14	3.2518567310315264e-14	3.157799885914309e-15	0.9999999999998612	1.7878379927676055e-14
ERR5412058	0.0	0.0	0.0	0.0	0.0	0.0	0.0	0.0	0.0	0.0	0.0	0.0	1.0	0.0
SRR6388681	0.0	0.0	0.0	0.0	0.0	0.0	0.0	0.0	0.0	0.0	0.0	0.0	1.0	0.0
ERR5412852	0.0	0.0	0.0	0.0	0.0	0.0	0.0	0.0	0.0	0.0	0.0	0.0	1.0	0.0
ERR7253682	0.0	0.0	0.0	0.0	1.0	0.0	0.0	0.0	0.0	0.0	0.0	0.0	0.0	0.0
ERR4298308	0.0	0.0	0.0	0.0	1.0	0.0	0.0	0.0	0.0	0.0	0.0	0.0	0.0	0.0
ERR5413352	0.0	0.0	0.0	0.0	0.0	0.0	0.0	0.0	0.0	0.0	0.0	0.0	1.0	0.0
Node_27	1.521325038315393e-14	5.290570122604469e-15	1.0658500628898915e-14	2.2345933707768296e-14	9.280687440760613e-14	5.264858913571487e-15	4.330467154042166e-14	1.0504329847201135e-14	1.5762491647759135e-14	1.971649865896871e-14	2.7651259586272085e-13	6.059962406412436e-15	0.9999999999994422	3.432572459444901e-14
Node_58	0.001713463932126706	0.0005958753623741988	0.0012004638020935944	0.2958545383677337	0.002643477311529427	0.0005929795162928037	0.0048773928653198986	0.0011830996974546127	0.0017753260759093578	0.002220663499232374	0.5942415515613471	0.000682531947204889	0.012806603332907243	0.07961203272847406
Node_63	2.5716076252787348e-05	8.943039769698137e-06	1.8016847492844025e-05	0.0052299202394431345	0.0014750819243689213	8.899577810227718e-06	7.320208624873909e-05	1.775654398461654e-05	2.6644508985752896e-05	3.332834454613307e-05	0.9869207197749252	1.0244052504221808e-05	0.0003487720052946272	0.005802754978373135
SRR30933962	0.0	0.0	0.0	0.0	0.0	0.0	0.0	0.0	0.0	0.0	0.0	0.0	0.0	1.0
SRR30933961	0.0	0.0	0.0	0.0	0.0	0.0	0.0	0.0	0.0	0.0	0.0	0.0	0.0	1.0
Node_86	6.941951418405772e-06	2.4141370037135604e-06	4.863574330044938e-06	1.0188507323367091e-05	7.191710927025478e-06	2.4024019540431e-06	0.9998680114294078	4.795270738675002e-06	7.192565150344788e-06	8.997478228733492e-06	7.264888111254349e-06	2.7682738615483863e-06	5.1311957134495213e-05	1.5655854410612358e-05
Node_101	7.02900907257667e-05	2.444412827400391e-05	4.9245686345916184e-05	0.00010316283151010454	7.281909321159606e-05	2.4325331469205628e-05	0.9986689446233288	4.8535415676423934e-05	7.282775102124176e-05	9.109719266188764e-05	6.534740323610038e-05	2.800202550727065e-05	0.0005195547519811363	0.00016140367505054667
Node_109	6.66383478704276e-09	2.317326483512334e-09	4.6685447549540186e-09	9.779748711117099e-09	6.906034442077876e-09	2.3056730746737365e-09	2.2675194849177607e-08	6.802134526500746e-09	6.902968213901657e-09	8.728091307984218e-09	0.9999998548882553	3.0844028686167944e-09	4.9252460202267654e-08	1.5025330486168665e-08
Node_110	7.967847381667441e-09	2.7708098921078154e-09	5.58214261685357e-09	1.16936066971528e-08	8.25698803775621e-09	2.756948924339651e-09	2.6422212721490503e-08	7.723381245050173e-09	8.25404560055917e-09	1.0418971681405643e-08	0.9999998276881303	3.6079115140382305e-09	5.8891136611309784e-08	1.7965866871986247e-08
DRR317528	0.0	0.0	0.0	0.0	0.0	0.0	0.0	0.0	0.0	0.0	1.0	0.0	0.0	0.0
Node_126	0.0009057956723452539	0.0003149998597139002	0.0006346057656381116	0.0013294098852538678	0.0009383923803979638	0.00031346797178978075	0.973969483881014	0.0006313050292387753	0.0009384935800456736	0.0011741636134665811	0.009750106782672432	0.00036195793275747883	0.006695250353098801	0.00204256729256746
SRR13997850	0.0	1.0	0.0	0.0	0.0	0.0	0.0	0.0	0.0	0.0	0.0	0.0	0.0	0.0
SRR13997848	0.0	1.0	0.0	0.0	0.0	0.0	0.0	0.0	0.0	0.0	0.0	0.0	0.0	0.0
Node_147	7.543310011622103e-16	5.200484129938691e-16	6.884563724579746e-16	1.132149383428432e-15	7.545253986797674e-16	2.520503871612654e-16	2.2187637060225463e-15	5.029171084149883e-16	7.546151164942002e-16	9.471280508492066e-16	6.686847175588765e-16	2.9018007118029384e-16	5.392940663681315e-15	0.9999999999999851
Node_148	1.7698399411117295e-12	1.2049572071025317e-12	1.605847755833109e-12	2.654814993113774e-12	1.7718852896312724e-12	5.919010467406305e-13	5.201527280118081e-12	1.181020496474036e-12	1.7720959779901868e-12	2.2239860006634867e-12	1.5702452205671942e-12	6.814387038435656e-13	1.266390019979689e-11	0.9999999999651065
Node_152	0.9999999969046115	1.3115814727476505e-11	2.3423281709005305e-09	5.5193842033771885e-11	3.893858534856611e-11	1.3007495230160568e-11	1.0705766351519813e-10	2.5952279419360093e-11	3.8943215438237165e-11	4.8713589897422434e-11	3.446123608874096e-11	1.4971926046745105e-11	2.778268115679734e-10	8.487759653240322e-11
SRR25361549	1.0	0.0	0.0	0.0	0.0	0.0	0.0	0.0	0.0	0.0	0.0	0.0	0.0	0.0
SRR26727937	0.0	0.0	1.0	0.0	0.0	0.0	0.0	0.0	0.0	0.0	0.0	0.0	0.0	0.0
Node_157	1.584598378877876e-05	3.1258381107351655e-09	0.9999835256597285	4.06762076150291e-09	1.6784301618446856e-09	5.606822079526915e-10	8.503637465757611e-09	1.1195105455065102e-09	1.6786297152103877e-09	2.185745859760806e-09	1.5101905436432676e-09	6.470908425497865e-10	5.927322997127876e-07	1.0546807031593333e-08
DRR317465	0.0	0.0	0.0	0.0	0.0	0.0	1.0	0.0	0.0	0.0	0.0	0.0	0.0	0.0
Node_173	0.0024740851405430785	0.0008511977553365156	0.014394824194377815	0.0037147309278609776	0.002419459473772317	0.0008082242095084947	0.90250865456921	0.0016147091508422803	0.0024197471032468268	0.0034610317543737586	0.0022041406687985324	0.0009346861898153977	0.0562684265715854	0.0059260822907284865
DRR317613	0.0	0.0	0.0	0.0	0.0	0.0	1.0	0.0	0.0	0.0	0.0	0.0	0.0	0.0
Node_175	1.967897393729342e-10	6.842691955212808e-11	1.3879548230948137e-10	2.8890302436920725e-10	2.0373245840654326e-10	6.805714581217087e-11	1.4186682417483375e-09	1.3578816941092133e-10	2.037566836653811e-10	2.5528520324065053e-10	1.8036434522171005e-10	7.833940221303464e-11	0.9999999963189992	4.440940556242602e-10
ERR5414378	0.0	0.0	0.0	0.0	0.0	0.0	0.0	0.0	0.0	0.0	0.0	0.0	1.0	0.0
DRR317417	0.0	0.0	0.0	0.0	0.0	0.0	1.0	0.0	0.0	0.0	0.0	0.0	0.0	0.0
DRR317435	0.0	0.0	0.0	0.0	0.0	0.0	1.0	0.0	0.0	0.0	0.0	0.0	0.0	0.0
Node_181	1.9733883529641378e-10	6.86244501411633e-11	1.3834801329941428e-10	2.896491135872383e-10	2.044040855879572e-10	6.828150392444849e-11	6.354382158127565e-09	1.3623425952446801e-10	2.0442839075296946e-10	2.558146739753175e-10	1.8091372675863243e-10	7.859449241704007e-11	0.9999999913779023	4.4508398279086724e-10
SRR21939630	0.0	0.0	0.0	0.0	0.0	0.0	0.0	0.0	0.0	0.0	0.0	0.0	0.0	1.0
Node_189	8.988565360541815e-13	3.120169585520185e-13	6.330021423397307e-13	1.3244102024242191e-12	9.22289632268481e-13	3.0809229130962697e-13	1.2460559505642126e-11	6.148327065548254e-13	9.223992955584795e-13	1.1807133737253545e-12	8.201310829255647e-13	3.5489365401049544e-13	6.919503209855321e-12	0.9999999999723282
ERR5413062	0.0	0.0	0.0	0.0	0.0	0.0	0.0	0.0	0.0	0.0	0.0	0.0	1.0	0.0
ERR5412481	0.0	0.0	0.0	0.0	0.0	0.0	0.0	0.0	0.0	0.0	0.0	0.0	1.0	0.0
Node_250	5.206300972393531e-08	1.809691214236987e-08	3.6524569315020695e-08	7.648924267319542e-08	5.3802527387735393e-08	3.867788767130815e-07	2.5232897757523615e-07	3.586097511611434e-08	5.380892485402986e-08	6.771104947859323e-08	4.7674001756320706e-08	2.0691183478218095e-08	0.9999987804433879	1.1772636208315564e-07
Node_268	0.0027512057446730143	0.0009518745878641494	0.0019554390362060557	0.00408230450245112	0.0027738292852932506	0.0009266352485689881	0.06731089383440432	0.0018498830236620787	0.0027741590812341574	0.0037009354727702555	0.0024882941591808255	0.0010688790170120316	0.9009765444970997	0.006389122509579924
SRR14042994	0.0	0.0	0.0	0.0	0.0	0.0	0.0	0.0	0.0	0.0	0.0	1.0	0.0	0.0
Node_6	1.3956380858068243e-14	4.853480332536402e-15	9.777929784395737e-15	2.0483396846147806e-14	1.445852629919873e-14	4.829893284178306e-15	3.9726983788437866e-14	9.636504625724724e-15	1.913943032261176e-14	1.8087589135899214e-14	1.2796121660997032e-14	0.9999999999996957	1.0319201694777768e-13	3.3269936064525975e-14
SRR6388753	0.0	0.0	0.0	0.0	0.0	0.0	0.0	0.0	0.0	0.0	0.0	0.0	1.0	0.0
Node_20	7.610155525770048e-15	2.6465127727925826e-15	5.331723689405982e-15	1.1169216314292615e-14	7.883966586813386e-15	2.63365120229013e-15	2.1662383748607762e-14	5.2546021777759694e-15	7.884903614813913e-15	9.862824562114095e-15	6.978308840210685e-15	3.0313869424737935e-15	0.999999999999891	1.7160921090661343e-14
ERR5413998	0.0	0.0	0.0	0.0	0.0	0.0	0.0	0.0	0.0	0.0	0.0	0.0	1.0	0.0
ERR5413266	0.0	0.0	0.0	0.0	0.0	0.0	0.0	0.0	0.0	0.0	0.0	0.0	1.0	0.0
SRR30795563	0.0	0.0	0.0	0.0	0.0	0.0	0.0	0.0	0.0	0.0	0.0	0.0	0.0	1.0
Node_57	5.166182607963041e-06	1.7965951171245264e-06	3.6194606142583657e-06	0.9991484383855128	6.115958064361505e-06	1.7878639915542547e-06	1.4705756155671295e-05	3.567106547844658e-06	5.357020520467282e-06	6.695415479456588e-06	0.0005261079745259535	2.057868630452399e-06	0.00019629911165250545	7.828530057948337e-05
Node_61	8.218198634840661e-07	2.857966238070189e-07	5.757722560146933e-07	0.0026661942058396285	1.968602694350694e-05	2.8440769884331215e-07	2.339331693850173e-06	5.674478637330416e-07	8.514900072049349e-07	1.0650866056579017e-06	0.997222308570948	3.2736504813817414e-07	8.138049321951372e-06	7.655462928641646e-05
Node_62	2.7827507596322214e-11	9.677312643401469e-12	1.9496130002119847e-11	4.683091419855228e-11	0.9999999982729683	9.630282664412078e-12	7.921127961389692e-11	1.9214125675659442e-11	2.8832159156360124e-11	3.606468032670852e-11	1.1639124884679197e-09	1.1084654823245225e-11	2.0587227867480298e-10	6.93777667218715e-11
DRR317595	0.0	0.0	0.0	0.0	0.0	0.0	1.0	0.0	0.0	0.0	0.0	0.0	0.0	0.0
DRR317611	0.0	0.0	0.0	0.0	0.0	0.0	1.0	0.0	0.0	0.0	0.0	0.0	0.0	0.0
Node_98	4.039189241505692e-07	1.4046711490706048e-07	2.829881842493742e-07	5.928207102759195e-07	4.18451777740492e-07	1.397844696047671e-07	0.9999244268643079	2.788953623972212e-07	4.1850153457073255e-07	5.234824297110307e-07	3.7055272026654005e-07	1.6089556424567444e-07	2.9856448457814444e-06	6.885673205396091e-05
DRR317443	0.0	0.0	0.0	0.0	0.0	0.0	1.0	0.0	0.0	0.0	0.0	0.0	0.0	0.0
SRR19357817	0.0	0.0	0.0	0.0	0.0	0.0	0.0	0.0	0.0	0.0	1.0	0.0	0.0	0.0
DRR317533	0.0	0.0	0.0	0.0	0.0	0.0	0.0	0.0	0.0	0.0	1.0	0.0	0.0	0.0
DRR317563	0.0	0.0	0.0	0.0	0.0	0.0	0.0	0.0	0.0	0.0	1.0	0.0	0.0	0.0
DRR317580	0.0	0.0	0.0	0.0	0.0	0.0	0.0	0.0	0.0	0.0	1.0	0.0	0.0	0.0
Node_112	5.48859948718068e-09	1.9087186640445052e-09	3.8453472416054276e-09	8.055464470288249e-09	5.686086785510453e-09	1.8994411144201595e-09	0.9999998833526242	3.798292609177517e-09	5.686747773749122e-09	7.113627302370724e-09	1.8030875015509687e-08	2.1879716100753042e-09	4.056940335891678e-08	1.2376800129071515e-08
Node_125	2.2199552261792082e-05	7.72012780927608e-06	1.5553142014168137e-05	3.2581652489789946e-05	2.2998371066645474e-05	7.682595414889978e-06	0.9994615170048186	1.5406734675441686e-05	2.3000966994361473e-05	2.877407673492037e-05	0.00013955797746263975	8.858192564705788e-06	0.00016408961444416226	5.0059991248789054e-05
Node_146	7.083033540509229e-16	2.4632306038935903e-16	4.9624373499028515e-16	1.0395576717650849e-15	7.337875359865729e-16	2.451228720550389e-16	2.016193411410378e-15	4.890636911908572e-16	7.338747888329615e-16	9.179666541324226e-16	6.494049004646631e-16	2.8214149049016184e-16	5.235478248448875e-15	0.9999999999999862
SRR7800468	0.0	0.0	0.0	0.0	0.0	0.0	0.0	0.0	0.0	0.0	0.0	0.0	0.0	1.0
SRR12051772	0.0	0.0	0.0	0.0	0.0	0.0	0.0	0.0	0.0	0.0	0.0	0.0	0.0	1.0
SRR7800461	0.0	0.0	0.0	0.0	0.0	0.0	0.0	0.0	0.0	0.0	0.0	0.0	0.0	1.0
SRR25361536	1.0	0.0	0.0	0.0	0.0	0.0	0.0	0.0	0.0	0.0	0.0	0.0	0.0	0.0
SRR25361524	1.0	0.0	0.0	0.0	0.0	0.0	0.0	0.0	0.0	0.0	0.0	0.0	0.0	0.0
Node_156	1.5457273441429795e-05	3.3388619628606083e-09	0.9999839131229501	5.1909656540310684e-09	2.500682603742844e-09	8.353569201473139e-10	1.0667224789537414e-08	1.6675145158657582e-09	2.5009799297005963e-09	3.212266912371386e-09	2.2372782250119964e-09	9.632044827121919e-10	5.843221408378564e-07	1.2167131521236138e-08
ERR5414362	0.0	0.0	0.0	0.0	0.0	0.0	0.0	0.0	0.0	0.0	0.0	0.0	1.0	0.0
Node_165	1.965501291365617e-10	6.834133010109176e-11	1.5295878126083672e-10	2.8857192820518535e-10	2.0344887128971224e-10	6.796241309175247e-11	1.638337403777153e-09	1.3559969201843228e-10	2.0347306281254982e-10	2.5503733228254713e-10	1.8012885386840655e-10	7.823144674408765e-11	0.9999999960877197	4.4363914703968775e-10
Node_172	1.0300928069250458e-08	3.5817651708550586e-09	0.9999997333708082	1.5122867343714174e-08	1.066385587801282e-08	3.5622777051955466e-09	7.729751227764033e-08	7.107492708064117e-09	1.0665123887183681e-08	1.3363728431117101e-08	9.440925348454256e-09	4.10049115144578e-09	7.817501170577943e-08	2.324721201850289e-08
ERR567864	0.0	0.0	0.0	0.0	0.0	0.0	0.0	0.0	0.0	0.0	0.0	0.0	1.0	0.0
ERR3198397	0.0	0.0	0.0	0.0	0.0	0.0	0.0	0.0	0.0	0.0	0.0	0.0	1.0	0.0
ERR5413473	0.0	0.0	0.0	0.0	0.0	0.0	0.0	0.0	0.0	0.0	0.0	0.0	1.0	0.0
Node_180	1.5172255619788946e-14	5.276228121184995e-15	1.0633272137274035e-14	2.2268681580312133e-14	1.571680960489882e-14	5.2502247870425694e-15	2.651234054840665e-13	1.0475151580853638e-14	1.571867845096167e-14	1.966574085078639e-14	1.3910025147511008e-14	6.0431582190813846e-15	0.9999999999995605	3.4216709883522287e-14
Node_188	7.282464876552443e-16	2.5324873520521916e-16	5.102527293238577e-16	1.0688887502870007e-15	7.543430444878644e-16	2.519894717593703e-16	2.1902253316758925e-15	5.027653624363881e-16	7.544327414926886e-16	9.440004453777163e-16	6.676427952998612e-16	2.9004832159786237e-16	5.386154661928332e-15	0.9999999999999857
SRR21939634	0.0	0.0	0.0	0.0	0.0	0.0	0.0	0.0	0.0	0.0	0.0	0.0	0.0	1.0
Node_246	1.0592464465246182e-09	3.681908881605594e-10	7.431056182394666e-10	1.5562033846812107e-09	1.0946485314529378e-09	3.706427221118077e-07	5.125356117674281e-09	7.296154459299545e-10	1.0947786922033287e-09	1.3775940780455459e-09	9.6995483158144e-10	4.209756843351484e-10	0.999999612422436	2.3951721336301064e-09
Node_249	4.818753115698858e-06	1.6757721575267027e-06	3.3760529860765676e-06	7.0723574851949955e-06	4.992119985533608e-06	1.695525418720623e-06	1.372450634662996e-05	3.3272093309111168e-06	4.9927135860701974e-06	6.245161855732616e-06	4.418050483877219e-06	1.9194716836482427e-06	0.9999308759799074	1.0866325656959462e-05
Node_256	1.2250453337947706e-07	4.255963875041757e-08	8.607103170860596e-08	1.8018409619870257e-07	1.26246170817601e-07	4.217302042622006e-08	8.674799324639951e-07	8.415209890168592e-08	1.2626118214559117e-07	1.5994738716799022e-07	1.1202005765971493e-07	4.856210150300484e-08	0.9999977239758885	2.778628602392064e-07
Node_267	1.4513634920386588e-07	5.0445355579318586e-08	1.0183980778431149e-07	2.1326141260741874e-07	1.4993076633988673e-07	5.0084792710025614e-08	7.46138448855313e-07	9.993411440877992e-08	1.499485940477161e-07	1.8885569025677422e-07	1.3287656792574496e-07	5.766152318157562e-08	0.9999975855671498	3.2831942721036254e-07
Node_5	2.213068482993192e-17	7.696181750118864e-18	1.5504899495265248e-17	3.2480598302505675e-17	2.292693881605578e-17	7.658779707215536e-18	6.299521552215191e-17	1.5280626585497058e-17	2.2939326872465187e-17	2.868155075686211e-17	2.0290432649570368e-17	0.9999999999999996	1.63580777834958e-16	4.9908466513058653e-17
SRR14043020	0.0	0.0	0.0	0.0	0.0	0.0	0.0	0.0	0.0	0.0	0.0	1.0	0.0	0.0
ERR5412007	0.0	0.0	0.0	0.0	0.0	0.0	0.0	0.0	0.0	0.0	0.0	0.0	1.0	0.0
Node_19	7.609851781206104e-15	2.646407142379982e-15	5.331510884019597e-15	1.1168770453642218e-14	7.883651478889228e-15	2.6335460852221352e-15	2.1661519136662825e-14	5.254392450542308e-15	7.884588904214159e-15	9.862430906643866e-15	6.977062970752409e-15	3.0312659505531224e-15	0.999999999999891	1.7160236075909076e-14
Node_55	4.606783234009162e-11	1.6020580169030308e-11	3.227541831026511e-11	0.9999999452618699	5.45312936217815e-11	1.5942723062647186e-11	2.964751322169408e-10	3.180856714698377e-11	4.375601671783026e-09	5.970429254231138e-11	4.687400501586872e-09	1.8350405750263942e-11	4.44063785217667e-08	6.9757312212329e-10
Node_56	1.192867762747799e-07	4.148324905679403e-08	8.357307925487634e-08	3.8118997947223495e-06	1.2358145162682997e-07	4.128164801488651e-08	3.3955100124280186e-07	8.236422399975357e-08	1.2359338124495422e-07	1.5459664956855e-07	1.1126538308929298e-07	4.751602970410778e-08	0.9999946507727832	2.692345491134596e-07
Node_59	2.4541487769962694e-06	8.534564190284817e-07	1.7193923467993835e-06	0.00038154515905962176	5.213538876968084e-06	8.493087753688419e-07	6.985760894534523e-06	1.694522500406531e-06	2.542750491133848e-06	3.1805973102406538e-06	0.9995574229962993	9.775727846431967e-07	1.8432677030391353e-05	1.6128118434440496e-05
Node_60	8.803955462445061e-07	3.061669424011987e-07	6.168107544212026e-07	0.0026727734909284227	1.9726099299564824e-05	3.046790214016979e-07	2.50606794565633e-06	6.078927503414546e-07	9.121804372639794e-07	1.1410011740566578e-06	0.9972147007880383	3.5069775271974336e-07	8.568758020615852e-06	7.660497138866308e-05
ERR7253733	0.0	0.0	0.0	0.0	1.0	0.0	0.0	0.0	0.0	0.0	0.0	0.0	0.0	0.0
ERR7253739	0.0	0.0	0.0	0.0	1.0	0.0	0.0	0.0	0.0	0.0	0.0	0.0	0.0	0.0
Node_88	2.9878426191208334e-12	1.0390541453044685e-12	2.0933016678744438e-12	4.385174543116276e-12	3.0953440922029927e-12	1.0340045261841547e-12	0.9999999994423272	2.063026504040059e-12	3.095712150174331e-12	3.8722699508407875e-12	2.741023918147211e-12	1.1901661182522412e-12	2.2085215650637014e-11	5.079904520638616e-10
Node_96	9.304031156686652e-08	3.235576094502536e-08	6.518463802361192e-08	1.3655270992158052e-07	9.638786811720897e-08	3.219851783443749e-08	0.43680577829043765	6.424176512960298e-08	9.639932935828381e-08	1.2058101402985205e-07	8.530365303038518e-08	3.706115923792741e-08	1.0698978126372246e-06	0.5631922925050226
DRR360711	0.0	0.0	0.0	0.0	0.0	0.0	1.0	0.0	0.0	0.0	0.0	0.0	0.0	0.0
DRR360419	0.0	0.0	0.0	0.0	0.0	0.0	1.0	0.0	0.0	0.0	0.0	0.0	0.0	0.0
DRR360423	0.0	0.0	0.0	0.0	0.0	0.0	1.0	0.0	0.0	0.0	0.0	0.0	0.0	0.0
Node_124	4.872411536143553e-06	1.6944327618778812e-06	3.4136420788669753e-06	7.151102534429876e-06	5.047727789777533e-06	1.6861967355409559e-06	0.9998961211528609	3.3720855341056387e-06	5.048314190518266e-06	6.315011520092212e-06	1.6333447744132726e-05	1.9423769379284713e-06	3.6014802566572795e-05	1.0987295209315101e-05
SRR7800462	0.0	0.0	0.0	0.0	0.0	0.0	0.0	0.0	0.0	0.0	0.0	0.0	0.0	1.0
SRR7800463	0.0	0.0	0.0	0.0	0.0	0.0	0.0	0.0	0.0	0.0	0.0	0.0	0.0	1.0
Node_155	1.8721237727377514e-13	5.702536454003363e-14	0.9999999999965281	2.4065374194668546e-13	1.6986746149964307e-13	5.674449072714284e-14	4.667421296210839e-13	1.1321534437664544e-13	1.6988766001593463e-13	2.1250395224240388e-13	1.5033341579899182e-13	6.531408365602027e-14	1.2128341277264313e-12	3.6975828720435437e-13
SRR26728010	0.0	0.0	1.0	0.0	0.0	0.0	0.0	0.0	0.0	0.0	0.0	0.0	0.0	0.0
ERR5413095	0.0	0.0	0.0	0.0	0.0	0.0	0.0	0.0	0.0	0.0	0.0	0.0	1.0	0.0
ERR5412987	0.0	0.0	0.0	0.0	0.0	0.0	0.0	0.0	0.0	0.0	0.0	0.0	1.0	0.0
Node_169	2.0425787533910575e-11	7.102310938935632e-12	0.9999999994714934	2.998722967157139e-11	2.1145469741912888e-11	7.063677181049058e-12	1.5308720993581786e-10	1.4093520103695813e-11	2.1147984090381384e-11	2.649898428929464e-11	1.872049506986402e-11	8.130905253144732e-12	1.5500590218870628e-10	4.609699877013196e-11
Node_171	3.74031539134554e-14	1.3007342538492569e-14	0.999999999999213	5.4895611444866e-14	3.8748854689081465e-14	1.2944115407274468e-14	1.067869476279046e-13	2.582581131887851e-14	3.875346221876041e-14	4.8474887668202596e-14	3.4292912985618016e-14	1.489894581261531e-14	2.764818858486541e-13	8.434433532155657e-14
Node_179	7.61014156431987e-15	2.6465079142684964e-15	5.331714041736218e-15	1.1169195790190989e-14	7.883951637006535e-15	2.633646353515415e-15	2.167084674825914e-14	5.254592504376568e-15	7.88488909803916e-15	9.86280655883238e-15	6.977328597286497e-15	3.0313813630018778e-15	0.999999999999891	1.7160889661462283e-14
ERR5413646	0.0	0.0	0.0	0.0	0.0	0.0	0.0	0.0	0.0	0.0	0.0	0.0	1.0	0.0
SRR21939631	0.0	0.0	0.0	0.0	0.0	0.0	0.0	0.0	0.0	0.0	0.0	0.0	0.0	1.0
Node_187	7.960108661120353e-13	2.768212708199487e-13	5.576903101794733e-13	1.168283286439504e-12	8.246510460180997e-13	2.754759694458081e-13	2.2658544050042026e-12	5.496235142184388e-13	8.247491032179342e-13	1.0316366746859058e-12	7.298194582221678e-13	3.1707853193565024e-13	5.883777454479521e-12	0.9999999999844984
Node_240	4.833266254196502e-14	1.6801548267501146e-14	3.390018195744476e-14	7.09969993514725e-14	4.996772050288098e-14	1.4221625790537351e-11	2.1853300339389574e-13	3.330465903239447e-14	4.9973661994780736e-14	6.282374655811805e-14	4.4267150140893554e-14	1.9215787069897093e-14	0.999999999985021	1.0924227298425585e-13
Node_245	1.0787912384739879e-07	3.7515943507707116e-08	7.558179198782364e-08	1.5833279772271328e-07	1.1175787638685743e-07	3.798270219695356e-05	3.0918130640146105e-07	7.448579674760823e-08	1.1177116523612794e-07	1.3981702152575347e-07	9.89073474535698e-08	4.297101395336848e-08	0.9999605058223621	2.4327425617001297e-07
ERR5413855	0.0	0.0	0.0	0.0	0.0	0.0	0.0	0.0	0.0	0.0	0.0	0.0	1.0	0.0
Node_248	8.431337553959426e-12	2.9320875619411657e-12	5.907049201618487e-12	1.2374442759316659e-11	8.734693668389923e-12	2.9187825653125014e-12	2.4000153276019526e-11	5.821605461953601e-12	8.735732289036329e-12	1.0927083875653018e-11	7.730238808286985e-12	3.358491894169089e-12	0.9999999998791157	1.9012689515967855e-11
Node_253	1.7610833268537e-10	6.11823881145312e-11	1.2373217398162782e-10	2.5902554539210433e-10	1.814888267909e-10	6.062704206381193e-11	1.245779066780477e-09	1.2097525388715004e-10	1.815104067594505e-10	2.299319865581884e-10	1.6103694343034924e-10	6.98118000364257e-11	0.9999999967293479	3.99442170904807e-10
Node_255	7.430814910336345e-06	2.5841446162568115e-06	5.206079616176091e-06	1.0906007904421792e-05	7.698164421706222e-06	2.5715838478783033e-06	2.1158513287350567e-05	5.130766896057487e-06	7.699079791240601e-06	9.630412714124951e-06	6.812909874673837e-06	2.9599463917496653e-06	0.9998934550476536	1.675652807449246e-05
Node_259	1.2499010088892993e-11	4.346663505464571e-12	8.756889918783724e-12	1.8344459260501906e-11	1.2948710574199972e-11	4.32553698813721e-12	3.5585839005429496e-11	8.63021511986734e-12	1.2950250273086168e-11	1.619883711880189e-11	1.145966448514026e-11	4.978782716582662e-12	0.9999999998207899	2.8185323774854766e-11
Node_266	6.765113339238483e-09	2.351367048838574e-09	4.746958559834885e-09	9.940549547106943e-09	6.988621574775328e-09	2.334568610996003e-09	3.475551594310262e-08	4.658160940998699e-09	6.989452565695916e-09	8.802910974861104e-09	6.193672442471442e-09	2.6877367149651455e-09	0.9999998874817797	1.5303592072957464e-08
Node_4	2.2101863631601603e-17	7.68615887092988e-18	1.5484707179188276e-17	3.2438298221346567e-17	2.2897080641628478e-17	7.648805537430931e-18	6.291317568027197e-17	1.52607263252632e-17	2.2899803296350093e-17	2.8644198236958016e-17	2.0264007492280248e-17	0.9999999999999996	1.633676769235144e-16	4.9839761482714786e-17
SRR14043031	0.0	0.0	0.0	0.0	0.0	0.0	0.0	0.0	0.0	0.0	0.0	1.0	0.0	0.0
SRR6388703	0.0	0.0	0.0	0.0	0.0	0.0	0.0	0.0	0.0	0.0	0.0	0.0	1.0	0.0
ERR5414044	0.0	0.0	0.0	0.0	0.0	0.0	0.0	0.0	0.0	0.0	0.0	0.0	1.0	0.0
Node_44	5.172582177753798e-12	1.7988206358177058e-12	3.623944193878543e-12	0.999999948527511	5.758519732946277e-12	1.7900786947358806e-12	3.307392144900392e-10	3.571525197388522e-12	3.1992903437530432e-09	6.703709350451942e-12	2.776321137443678e-10	2.060417684867341e-12	4.7587806157099055e-08	4.6541725693334404e-11
Node_54	8.248200763529242e-12	2.86839981114631e-12	5.778742268319924e-12	0.9999999787199523	9.170750805350175e-12	2.8544599098338756e-12	3.868122927777867e-11	5.6951549216420474e-12	5.4785726972611836e-09	1.068973651430617e-11	4.346680370676746e-10	3.2855425236974256e-12	1.5206347202917323e-08	7.318733232224542e-11
ERR5413170	0.0	0.0	0.0	0.0	0.0	0.0	0.0	0.0	0.0	0.0	0.0	0.0	1.0	0.0
ERR5412583	0.0	0.0	0.0	0.0	0.0	0.0	0.0	0.0	0.0	0.0	0.0	0.0	1.0	0.0
DRR317494	0.0	0.0	0.0	0.0	0.0	0.0	0.0	0.0	0.0	0.0	1.0	0.0	0.0	0.0
DRR317524	0.0	0.0	0.0	0.0	0.0	0.0	0.0	0.0	0.0	0.0	1.0	0.0	0.0	0.0
DRR317545	0.0	0.0	0.0	0.0	0.0	0.0	0.0	0.0	0.0	0.0	1.0	0.0	0.0	0.0
SRR18969486	0.0	0.0	0.0	1.0	0.0	0.0	0.0	0.0	0.0	0.0	0.0	0.0	0.0	0.0
Node_87	1.1727312008556561e-15	4.0782978632595863e-16	8.216229883178e-16	1.721185374160502e-15	1.2149256424244652e-15	4.0584780770080965e-16	0.9999999999999706	8.097385549378302e-16	1.2150701061787724e-15	1.519869362205082e-15	1.075238109903265e-15	4.671392929260563e-16	8.66834064512511e-15	1.0040485558208647e-14
DRR317599	0.0	0.0	0.0	0.0	0.0	0.0	1.0	0.0	0.0	0.0	0.0	0.0	0.0	0.0
Node_95	3.731956530607179e-08	1.297827697779923e-08	2.6146326411713727e-08	5.477290101266513e-08	3.866230968420673e-08	1.2915204913274849e-08	0.4368163412816528	2.576812898360801e-08	3.866690692305458e-08	4.8366465588680716e-08	3.42163003955688e-08	1.486566767892172e-08	6.591105308736494e-07	0.5631826549297625
SRR12051669	0.0	0.0	0.0	0.0	0.0	0.0	0.0	0.0	0.0	0.0	0.0	0.0	0.0	1.0
DRR360727	0.0	0.0	0.0	0.0	0.0	0.0	1.0	0.0	0.0	0.0	0.0	0.0	0.0	0.0
Node_123	5.281486059949744e-11	1.8366931057300015e-11	3.7002429181881935e-11	7.751491927940657e-11	5.4715124507380234e-11	1.8277670400414433e-11	0.999999998996632	3.647121557113689e-11	5.472162345808535e-11	6.844866378305547e-11	5.451284944307433e-11	2.103876125348845e-11	3.903852215239562e-10	1.1909764862415561e-10
SRR26728066	0.0	0.0	1.0	0.0	0.0	0.0	0.0	0.0	0.0	0.0	0.0	0.0	0.0	0.0
Node_154	6.905200126258065e-17	2.3984226639992562e-17	0.9999999999999987	1.0122183730005028e-16	7.144901219521454e-17	2.386765407678866e-17	1.9631693671180094e-16	4.7620211436163917e-17	7.145750801911503e-17	8.938255979800505e-17	6.323266027327813e-17	2.7472162933795325e-17	5.097824553422597e-16	1.5552212188637646e-16
Node_168	1.4256358217793032e-16	4.9574467178019593e-17	0.9999999999999967	2.0926883971086306e-16	1.4763765572473743e-16	4.93185893987657e-17	7.50625172989828e-16	9.84001813793332e-17	1.4765521092625007e-16	1.8486162017485567e-16	1.3068413735602056e-16	5.676841089606745e-17	1.0683953461305976e-15	3.216148826039977e-16
SRR16943742	0.0	0.0	1.0	0.0	0.0	0.0	0.0	0.0	0.0	0.0	0.0	0.0	0.0	0.0
SRR16943738	0.0	0.0	1.0	0.0	0.0	0.0	0.0	0.0	0.0	0.0	0.0	0.0	0.0	0.0
Node_170	6.85078830362178e-17	2.3824347188177697e-17	0.9999999999999987	1.0054713846169981e-16	7.097277155052968e-17	2.3708565145879792e-17	1.9500953032236226e-16	4.7302800745381685e-17	7.098121074584306e-17	8.87867838867022e-17	6.281118535668965e-17	2.7289048284147964e-17	5.063814967576822e-16	1.544854595297845e-16
SRR6388761	0.0	0.0	0.0	0.0	0.0	0.0	0.0	0.0	0.0	0.0	0.0	0.0	1.0	0.0
ERR5412247	0.0	0.0	0.0	0.0	0.0	0.0	0.0	0.0	0.0	0.0	0.0	0.0	1.0	0.0
SRR21939632	0.0	0.0	0.0	0.0	0.0	0.0	0.0	0.0	0.0	0.0	0.0	0.0	0.0	1.0
SRR21939628	0.0	0.0	0.0	0.0	0.0	0.0	0.0	0.0	0.0	0.0	0.0	0.0	0.0	1.0
SRR1735621	0.0	0.0	0.0	0.0	0.0	0.0	0.0	0.0	0.0	0.0	0.0	0.0	1.0	0.0
Node_239	2.6552886648444266e-13	9.234048722894125e-14	1.8603127478265612e-13	3.8970950527788555e-13	2.750823597373981e-13	1.1085239916105014e-13	7.55938628386967e-13	1.8334025731449668e-13	2.7511506909489143e-13	3.4412785503677847e-13	2.4344904388214406e-13	1.057692398544428e-13	0.999999999996174	5.987686389253628e-13
Node_243	1.0506990102883152e-08	3.653917901134344e-09	7.361264546297201e-09	1.54208208038635e-08	1.0885027773044702e-08	0.999978148695221	2.990826008886693e-08	7.254786428482555e-09	1.088632208455828e-08	1.3617146173194116e-08	9.633292903098744e-09	4.18529588098749e-09	2.170429836350581e-05	2.3693290747400557e-08
Node_244	4.108362957026328e-12	1.4287270361984626e-12	2.8783454625229037e-12	6.029731584835119e-12	4.256180172786225e-12	4.068952740277574e-12	1.1694642872163843e-11	2.836711015228409e-12	4.2566862645588505e-12	5.32447273715238e-12	3.766736473873476e-12	1.6365023387027896e-12	0.9999999999384495	9.264369889080833e-12
ERR5414371	0.0	0.0	0.0	0.0	0.0	0.0	0.0	0.0	0.0	0.0	0.0	0.0	1.0	0.0
Node_247	7.932603748137162e-15	2.7586475813101615e-15	5.557632983438978e-15	1.1642464658709885e-14	8.218015930998891e-15	2.7452772382764088e-15	2.2580246052560237e-14	5.477243759893604e-15	8.218993114783814e-15	1.0280720150939951e-14	7.272976810249208e-15	3.1598291657957367e-15	0.9999999999998863	1.78880426545044e-14
Node_252	7.422444998412928e-09	2.5811749059156206e-09	5.200552696604294e-09	1.0894259980545018e-08	7.688571598949156e-09	2.5683797517499077e-09	2.1852647724465212e-08	5.1243872036505915e-09	7.689485827424428e-09	9.621199007850705e-09	6.804823883045531e-09	2.9562862061269247e-09	0.9999998928558974	1.6739888743789448e-08
ERR5412154	0.0	0.0	0.0	0.0	0.0	0.0	0.0	0.0	0.0	0.0	0.0	0.0	1.0	0.0
Node_254	4.6300979221447586e-12	1.6101659104900808e-12	3.2438764680246017e-12	6.795467899511735e-12	4.796686566681504e-12	1.6023406369006287e-12	1.3180082424926079e-11	3.196954332831119e-12	4.797256928721653e-12	6.000646289669015e-12	4.245086961092312e-12	1.844327193750804e-12	0.9999999999336161	1.044088461072883e-11
ERR5412018	0.0	0.0	0.0	0.0	0.0	0.0	0.0	0.0	0.0	0.0	0.0	0.0	1.0	0.0
Node_258	8.771973125242373e-15	3.0505472129671295e-15	6.145700680804459e-15	1.2874384258488763e-14	9.087585137498639e-15	3.035722003750749e-15	2.496981171173763e-14	6.0568048846539985e-15	9.088665719589793e-15	1.136855047763287e-14	8.04254918303829e-15	3.4941787530502996e-15	0.9999999999998743	1.9780823749985053e-14
ERR5412613	0.0	0.0	0.0	0.0	0.0	0.0	0.0	0.0	0.0	0.0	0.0	0.0	1.0	0.0
Node_261	1.0358474637413008e-09	3.600385556248872e-10	7.267983611691777e-10	1.5219985289849249e-09	1.070171898046593e-09	3.574938754956786e-10	5.24238632489166e-09	7.13305502287728e-10	1.0702991482390882e-09	1.3476866788827317e-09	9.48396168368193e-10	4.115716401593191e-10	0.9999999828510268	2.3429789806129414e-09
Node_265	8.260589002919081e-12	2.872707910524032e-12	5.787421794422471e-12	1.2123839993069612e-11	8.557801315835261e-12	2.8587468910992562e-12	2.351437346886182e-11	5.7037080884926715e-12	8.558818902652851e-12	1.0705792926262298e-11	7.573688517161672e-12	3.2904767508429783e-12	0.9999999998815644	1.8627651879679587e-11
SRR14043044	0.0	0.0	0.0	0.0	0.0	0.0	0.0	0.0	0.0	0.0	0.0	1.0	0.0	0.0
SRR14043033	0.0	0.0	0.0	0.0	0.0	0.0	0.0	0.0	0.0	0.0	0.0	1.0	0.0	0.0
Node_36	2.3358541115710472e-11	8.123181872843578e-12	1.636514347107967e-11	0.9999999627553692	2.433998875479437e-11	8.083704687037922e-12	1.7794564637949836e-10	1.6128427444939256e-11	1.150667880449611e-09	3.027286266923823e-11	1.1766151050895647e-10	9.30451114056715e-12	3.559740521126945e-08	6.497451543064173e-11
Node_43	2.0840640855338562e-07	7.247555195168692e-08	1.4601086426491554e-07	0.9997842732047897	2.1590519291025295e-07	7.212333395723318e-08	1.3396393858977093e-05	1.4389886836595302e-07	8.45452730801109e-06	2.700964307788392e-07	1.9134798549763546e-07	8.301544738178417e-08	0.00019200260226744982	4.69991692388766e-07
Node_51	1.266333287463213e-08	4.403809105523695e-09	8.872012095663086e-09	0.9999993407052192	1.3119578659111844e-08	4.3824073946109026e-09	3.606145503168779e-08	8.743681555072851e-09	1.8572127506666882e-08	1.641178423903753e-08	1.2035995280633812e-08	5.044241447604376e-09	4.903741025421843e-07	2.8610253283879354e-08
Node_53	1.5964722425504119e-09	5.551902542610144e-10	1.1184986753898434e-09	0.9999994435241358	1.6545223145387249e-09	5.52492130650464e-10	4.559183248683461e-09	1.10231998479266e-09	5.105454952883834e-07	2.069041242790662e-09	1.8797675871296934e-09	6.359298565127708e-10	2.6553727734610363e-08	3.6532235497422458e-09
DRR317391	0.0	0.0	0.0	0.0	0.0	0.0	1.0	0.0	0.0	0.0	0.0	0.0	0.0	0.0
DRR317454	0.0	0.0	0.0	0.0	0.0	0.0	1.0	0.0	0.0	0.0	0.0	0.0	0.0	0.0
Node_92	4.362696022010181e-11	1.51717408494001e-11	3.0565327674923236e-11	6.403009129452018e-11	4.5196642371844436e-11	1.5098008949601413e-11	0.9999916894256211	3.012321093918956e-11	4.520201659190346e-11	5.6540901611313313e-11	3.999920840627196e-11	1.7378120211075544e-11	3.281271264627638e-10	8.309843319304949e-06
Node_94	1.150745280173243e-06	4.0018394787025134e-07	8.062195115455245e-07	1.6889172423312832e-06	1.1921486765679732e-06	3.982391267031682e-07	0.21838746690922503	7.945578293119434e-07	1.1922904319948086e-06	1.4913754095566852e-06	1.0550563244343755e-06	4.5838146206676426e-07	3.214398681107556e-05	0.7815697609887212
Node_117	3.002388670376662e-09	1.0441126908474914e-09	2.1034927265286705e-09	4.406523389461646e-09	3.110413526421645e-09	1.039038492466214e-09	0.9999999433016482	2.0730703543664928e-09	3.1107833710305126e-09	3.8911207350772485e-09	2.7586636695802965e-09	1.1959555354551972e-09	2.2192393832790407e-08	6.770394461614166e-09
Node_122	1.940819496767043e-15	6.749406830233144e-16	1.3597505616181225e-15	2.8484874546934454e-15	2.0106495426498103e-15	6.716605834017361e-16	0.999999999999963	1.3401424865455058e-15	2.0108885175846153e-15	2.5153206446824025e-15	1.8708343061443726e-15	7.731069898234954e-16	1.4345721044122136e-14	4.376553100158796e-15
SRR26728060	0.0	0.0	1.0	0.0	0.0	0.0	0.0	0.0	0.0	0.0	0.0	0.0	0.0	0.0
SRR26728024	0.0	0.0	1.0	0.0	0.0	0.0	0.0	0.0	0.0	0.0	0.0	0.0	0.0	0.0
Node_167	6.83727959668382e-17	2.3777369217647543e-17	0.9999999999999987	1.0034887488907935e-16	7.083282408222133e-17	2.3661815475592122e-17	1.9462509922228423e-16	4.72095268454506e-17	7.084124663673018e-17	8.861170995364615e-17	6.268733129699818e-17	2.723523844831484e-17	5.053829940313234e-16	1.5418083786485598e-16
SRR16943743	0.0	0.0	1.0	0.0	0.0	0.0	0.0	0.0	0.0	0.0	0.0	0.0	0.0	0.0
SRR16943739	0.0	0.0	1.0	0.0	0.0	0.0	0.0	0.0	0.0	0.0	0.0	0.0	0.0	0.0
SRR16943740	0.0	0.0	1.0	0.0	0.0	0.0	0.0	0.0	0.0	0.0	0.0	0.0	0.0	0.0
Node_194	6.729662914314935e-09	2.340312073642593e-09	4.7148449280495595e-09	9.876941428291674e-09	6.971793736739364e-09	2.3289569985910083e-09	1.9156052836719497e-08	4.646646351027725e-09	6.97262273535032e-09	8.721698848743299e-09	6.170065203002869e-09	2.6806564223603184e-09	0.9999999035143377	1.5175407832332425e-08
Node_238	7.620317805599984e-15	2.6500468136792716e-15	5.338843449668058e-15	1.1184131153284871e-14	7.89449406169983e-15	2.6378945410440278e-15	2.1691314919841086e-14	5.261618947823967e-15	7.895432776305954e-15	9.875994970322604e-15	6.986658664969642e-15	3.035434926504573e-15	0.9999999999998908	1.7183837001733906e-14
Node_241	1.9068772000996967e-14	6.631368896798822e-15	1.3359703768355518e-14	2.7986712949804166e-14	1.9754859460079505e-14	0.9999999999607957	5.427946398428056e-14	1.3166460324744018e-14	1.9757208461164425e-14	2.4713286405946596e-14	1.748312924922099e-14	7.5957483666172e-15	3.893778713951034e-11	4.3000131796661517e-14
Node_242	2.100952736064339e-08	7.3062872785112315e-09	1.4719409397137178e-08	3.083510628342646e-08	2.1765442499206638e-08	0.9999775587037308	5.980383733055511e-08	1.4506498296913489e-08	2.1768030573708067e-08	2.7228521404544224e-08	1.926250323697357e-08	8.36881804399733e-09	2.21473457472386e-05	4.737654029295056e-08
ERR374179	0.0	0.0	0.0	0.0	0.0	0.0	0.0	0.0	0.0	0.0	0.0	0.0	1.0	0.0
ERR340549	0.0	0.0	0.0	0.0	0.0	0.0	0.0	0.0	0.0	0.0	0.0	0.0	1.0	0.0
ERR5414197	0.0	0.0	0.0	0.0	0.0	0.0	0.0	0.0	0.0	0.0	0.0	0.0	1.0	0.0
ERR5413218	0.0	0.0	0.0	0.0	0.0	0.0	0.0	0.0	0.0	0.0	0.0	0.0	1.0	0.0
ERR5414300	0.0	0.0	0.0	0.0	0.0	0.0	0.0	0.0	0.0	0.0	0.0	0.0	1.0	0.0
Node_251	2.2382009419376483e-05	7.783582555130015e-06	1.5680979124602406e-05	3.2849460520055856e-05	2.3187305938121005e-05	7.745755750866708e-06	6.371064055005507e-05	1.5454159230694546e-05	2.319006308285884e-05	2.900726955873798e-05	2.0520858049926186e-05	8.915524889963884e-06	0.9996791009002712	5.047149105844822e-05
ERR340537	0.0	0.0	0.0	0.0	0.0	0.0	0.0	0.0	0.0	0.0	0.0	0.0	1.0	0.0
ERR374167	0.0	0.0	0.0	0.0	0.0	0.0	0.0	0.0	0.0	0.0	0.0	0.0	1.0	0.0
Node_257	1.678345896691796e-11	5.836626909550473e-12	1.1758598817219306e-11	2.463262176573108e-11	1.7387321712583833e-11	5.808261964825169e-12	4.777428368165427e-11	1.1588514812785756e-11	1.7389389195658168e-11	2.1751501763138832e-11	1.538784891267747e-11	6.6854295144733325e-12	0.9999999997593694	3.784674476242086e-11
ERR5413533	0.0	0.0	0.0	0.0	0.0	0.0	0.0	0.0	0.0	0.0	0.0	0.0	1.0	0.0
Node_260	1.8545563806547686e-08	6.449417665786738e-09	1.2993140754704456e-08	2.7218814648815476e-08	1.921282643204542e-08	6.418074666517254e-09	5.279014130101065e-08	1.28051995233388e-08	1.9215110981334474e-08	2.4035204242430586e-08	1.700342785926332e-08	7.38733653258178e-09	0.9999997341054457	4.1820295905242545e-08
SRR1735658	0.0	0.0	0.0	0.0	0.0	0.0	0.0	0.0	0.0	0.0	0.0	0.0	1.0	0.0
ERR5414285	0.0	0.0	0.0	0.0	0.0	0.0	0.0	0.0	0.0	0.0	0.0	0.0	1.0	0.0
Node_264	7.926365287983973e-15	2.7564780894260537e-15	5.5532622829455406e-15	1.1633308649458063e-14	8.211553000645711e-15	2.7430821005326357e-15	2.2562498085179934e-14	5.472936267223974e-15	8.2125294159397e-15	1.0272635077400185e-14	7.267257096716518e-15	3.1573441678591776e-15	0.9999999999998864	1.7873974940938272e-14
Node_34	2.1630549789308676e-08	7.522254454075539e-09	1.5154501683441344e-08	0.9999988854761713	2.2408949821422565e-08	7.485697666217535e-09	6.168279968989553e-08	1.493529713613363e-08	2.3535597390033675e-08	2.803337159558149e-08	1.9927930429372935e-08	8.616192660985078e-09	8.348014632963405e-07	4.878922286776563e-08
Node_35	5.128600592611451e-09	1.7835255703955278e-09	3.5931304137652194e-09	0.9999998596023498	5.313265695749856e-09	1.7748579606630266e-09	1.4709202238188887e-08	3.541157043615556e-09	6.431471803919199e-09	6.6467088251826325e-09	4.7976350274206945e-09	2.0428981795806656e-09	7.305798352444172e-08	1.1577213397661787e-08
Node_38	4.166227038565205e-07	1.4488498999238187e-07	2.918885339694046e-07	0.9997570822282708	4.316130343988952e-07	1.4418087530505138e-07	1.3978000005901755e-05	2.8766646878395756e-07	1.6912619499370995e-05	5.399464732114733e-07	3.822500490468726e-07	1.659551661107963e-07	0.00020828262396542965	9.395199639616168e-07
Node_42	5.386638367593561e-06	1.8732609595134977e-06	3.773913331141271e-06	0.9989476839082848	5.580448053008774e-06	1.864157252118664e-06	0.00034653354378243764	3.7193249995205795e-06	1.3812751615195066e-05	6.981127917717324e-06	4.9389895373225825e-06	2.145683508837352e-06	0.0006435593338403082	1.2146918550480732e-05
SRR32604954	0.0	0.0	0.0	1.0	0.0	0.0	0.0	0.0	0.0	0.0	0.0	0.0	0.0	0.0
Node_50	4.556165568544444e-07	1.5844551837711086e-07	3.192078770585497e-07	0.999977003083772	4.7201009821713106e-07	1.5767550198937544e-07	1.296932227993402e-06	3.1459064716496383e-07	4.775153030094963e-07	5.904828295076334e-07	4.181557824286184e-07	1.8148776021019133e-07	1.7127325188609107e-05	1.0274709364598977e-06
SRR32604966	0.0	0.0	0.0	1.0	0.0	0.0	0.0	0.0	0.0	0.0	0.0	0.0	0.0	0.0
Node_52	1.217435912445418e-07	4.233763267298234e-08	8.529433955375064e-08	0.9999588509025685	1.2612448966855892e-07	4.213187948216894e-08	3.4655912732583844e-07	8.406058687214297e-08	3.8793349845333935e-05	1.5778070210797206e-07	1.1203532177313997e-07	4.849466368720855e-08	9.146000646317044e-07	2.745851872000569e-07
DRR317600	0.0	0.0	0.0	0.0	0.0	0.0	1.0	0.0	0.0	0.0	0.0	0.0	0.0	0.0
DRR317604	0.0	0.0	0.0	0.0	0.0	0.0	1.0	0.0	0.0	0.0	0.0	0.0	0.0	0.0
SRR12051584	0.0	0.0	0.0	0.0	0.0	0.0	0.0	0.0	0.0	0.0	0.0	0.0	0.0	1.0
Node_93	1.9860672757155138e-10	6.906760834266421e-11	1.3914514502139458e-10	2.9148963929540207e-10	2.0575252535146585e-10	6.873195233402303e-11	1.4562784929036134e-09	1.3713245934120893e-10	2.057769908712663e-10	2.573959630996414e-10	1.8209180377769839e-10	7.911189707074775e-11	0.9999999930729988	3.636419961023025e-09
DRR360706	0.0	0.0	0.0	0.0	0.0	0.0	1.0	0.0	0.0	0.0	0.0	0.0	0.0	0.0
Node_116	1.2613601280412312e-12	4.386514413073832e-13	8.837169822319808e-13	1.8512636164949508e-12	1.3067434064067288e-12	4.365196751219385e-13	0.9999999999761826	8.709343263360282e-13	1.3068987880070828e-12	1.6347331681204736e-12	1.1564731923077553e-12	5.024431641408804e-13	9.323443367338107e-12	2.844370455069816e-12
Node_121	1.3171521074006659e-12	4.580536973445709e-13	9.228052002088157e-13	1.933147972266091e-12	1.3645427608804389e-12	4.558276397251462e-13	0.9999999999751291	9.094571479294413e-13	1.3647050152562142e-12	1.7070400352848689e-12	1.2076273211762005e-12	5.246670304721727e-13	9.735834205087953e-12	2.97018151742306e-12
DRR360427	0.0	0.0	0.0	0.0	0.0	0.0	1.0	0.0	0.0	0.0	0.0	0.0	0.0	0.0
SRR16943741	0.0	0.0	1.0	0.0	0.0	0.0	0.0	0.0	0.0	0.0	0.0	0.0	0.0	0.0
Node_166	6.837227815022074e-17	2.377718915424864e-17	0.9999999999999987	1.0034811478696109e-16	7.08322878356293e-17	2.3661636341580813e-17	1.9462237296928106e-16	4.7209169438245434e-17	7.08407103263744e-17	8.861103850297662e-17	6.268685662865309e-17	2.723503225520901e-17	5.0537911343339975e-16	1.5417966970171235e-16
Node_193	2.3027724705049304e-09	8.008136936741235e-10	1.6133371375561774e-09	3.3797159089943024e-09	2.3856253859554012e-09	7.969218855664628e-10	6.554864847755109e-09	1.5900007821729293e-09	2.3859090547221336e-09	2.984412185289258e-09	2.1112879607403714e-09	9.172735530739027e-10	0.9999999669843072	5.192758066662432e-09
ERR5413182	0.0	0.0	0.0	0.0	0.0	0.0	0.0	0.0	0.0	0.0	0.0	0.0	1.0	0.0
Node_234	7.61014377272861e-15	2.6465086855470134e-15	5.331715455149938e-15	1.1169199001578016e-14	7.883953976143552e-15	2.6336471627413704e-15	2.166235029360778e-14	5.254594062622841e-15	7.884891437454319e-15	9.862809330074608e-15	6.977330644977657e-15	3.031382260828896e-15	0.999999999999891	1.7160894517569487e-14
Node_237	7.610435341367977e-15	2.6466100816519444e-15	5.331919730005645e-15	1.1169626928862042e-14	7.884256035316455e-15	2.633748066080748e-15	2.1663180246653424e-14	5.254795382714422e-15	7.885193532544323e-15	9.86318720544498e-15	6.977597968547792e-15	3.0314984026558804e-15	0.999999999999891	1.7161552005629543e-14
ERR337739	0.0	0.0	0.0	0.0	0.0	1.0	0.0	0.0	0.0	0.0	0.0	0.0	0.0	0.0
ERR363329	0.0	0.0	0.0	0.0	0.0	1.0	0.0	0.0	0.0	0.0	0.0	0.0	0.0	0.0
ERR5413444	0.0	0.0	0.0	0.0	0.0	0.0	0.0	0.0	0.0	0.0	0.0	0.0	1.0	0.0
ERR4020089	0.0	0.0	0.0	0.0	0.0	1.0	0.0	0.0	0.0	0.0	0.0	0.0	0.0	0.0
ERR5414347	0.0	0.0	0.0	0.0	0.0	0.0	0.0	0.0	0.0	0.0	0.0	0.0	1.0	0.0
ERR5412604	0.0	0.0	0.0	0.0	0.0	0.0	0.0	0.0	0.0	0.0	0.0	0.0	1.0	0.0
ERR5413343	0.0	0.0	0.0	0.0	0.0	0.0	0.0	0.0	0.0	0.0	0.0	0.0	1.0	0.0
ERR5413071	0.0	0.0	0.0	0.0	0.0	0.0	0.0	0.0	0.0	0.0	0.0	0.0	1.0	0.0
ERR5414259	0.0	0.0	0.0	0.0	0.0	0.0	0.0	0.0	0.0	0.0	0.0	0.0	1.0	0.0
ERR5412045	0.0	0.0	0.0	0.0	0.0	0.0	0.0	0.0	0.0	0.0	0.0	0.0	1.0	0.0
ERR5414248	0.0	0.0	0.0	0.0	0.0	0.0	0.0	0.0	0.0	0.0	0.0	0.0	1.0	0.0
Node_263	7.610155476926889e-15	2.646512755806809e-15	5.331723655186544e-15	1.1169216179508922e-14	7.88396610145398e-15	2.6336511853866676e-15	2.16623836103365e-14	5.254602144048022e-15	7.884903564206537e-15	9.862824498813924e-15	6.9773413759259275e-15	3.031386923013765e-15	0.999999999999891	1.7160920910569948e-14
Node_32	0.0002939132050509359	0.00010221145266029274	0.00020591747339365437	0.009264719040602842	0.0003044880952073166	0.00010171472359929558	0.000836626876088283	0.00020293894942189944	0.00030452431105610706	0.00038091394690813494	0.0002694731768893664	0.00011707574818857221	0.9869527079390351	0.0006627750618982742
Node_33	1.6473073819086754e-13	5.728687163059893e-14	1.1541140995232298e-13	0.9999999999966532	1.7065769214717437e-13	5.700846785869376e-14	4.689092303715489e-13	1.1374202441892646e-13	1.7069352746321635e-13	2.134924004197066e-13	1.5103406314842363e-13	6.561792424402774e-14	1.226953307805339e-12	3.714684240043787e-13
SRR25637285	0.0	0.0	0.0	1.0	0.0	0.0	0.0	0.0	0.0	0.0	0.0	0.0	0.0	0.0
SRR25637281	0.0	0.0	0.0	1.0	0.0	0.0	0.0	0.0	0.0	0.0	0.0	0.0	0.0	0.0
Node_37	0.0018387263499275621	0.0006394367045818292	0.0012882234541786008	0.6483815591848614	0.0019048830550945969	0.0006363291585528172	0.0052422145675072775	0.0012695897541044325	0.11450881848107511	0.002383004571412556	0.0016858292595897325	0.0007324280074265631	0.21534262460299897	0.0041463328486886835
SRR32604925	0.0	0.0	0.0	1.0	0.0	0.0	0.0	0.0	0.0	0.0	0.0	0.0	0.0	0.0
Node_41	1.985827365827188e-10	6.905926522035001e-11	1.3912833678100347e-10	1.6126255560325573e-08	2.057276711818819e-10	6.872364975776567e-11	5.705178030951591e-10	1.3711589422611505e-10	2.0588261847157028e-10	2.5736487057950486e-10	1.8206981203134114e-10	7.91023406339525e-11	0.9999999813126649	4.478046015239679e-10
DRR444236	0.0	0.0	0.0	0.0	0.0	0.0	1.0	0.0	0.0	0.0	0.0	0.0	0.0	0.0
SRR18969534	0.0	0.0	0.0	1.0	0.0	0.0	0.0	0.0	0.0	0.0	0.0	0.0	0.0	0.0
Node_49	1.9861433494267176e-10	6.907025388713033e-11	1.3915047479431175e-10	6.283013613106422e-09	2.05760406436764e-10	6.873458502162444e-11	5.653576891592166e-10	1.371377120208317e-10	2.0578490554268522e-10	2.574058223155911e-10	1.8209878111580447e-10	7.91149273485657e-11	0.9999999911608807	4.478758556864987e-10
ERR5384801	0.0	0.0	0.0	0.0	0.0	0.0	0.0	0.0	1.0	0.0	0.0	0.0	0.0	0.0
SRR18969499	0.0	0.0	0.0	1.0	0.0	0.0	0.0	0.0	0.0	0.0	0.0	0.0	0.0	0.0
ERR5414324	0.0	0.0	0.0	0.0	0.0	0.0	0.0	0.0	0.0	0.0	0.0	0.0	1.0	0.0
ERR5413461	0.0	0.0	0.0	0.0	0.0	0.0	0.0	0.0	0.0	0.0	0.0	0.0	1.0	0.0
DRR360728	0.0	0.0	0.0	0.0	0.0	0.0	1.0	0.0	0.0	0.0	0.0	0.0	0.0	0.0
Node_115	3.3610033263100885e-14	1.1688247634831292e-14	2.354740451016806e-14	4.932852271602038e-14	3.4819310028349397e-14	1.163144487818084e-14	0.9999999999993652	2.320679956952997e-14	3.48234503056922e-14	4.355888134982915e-14	3.0815227980237074e-14	1.338803334895986e-14	2.4843122494246983e-13	7.579071470725429e-14
Node_119	5.60736001488956e-11	1.9500192671226676e-11	3.928552330524102e-11	8.229768286931674e-11	5.809110787562372e-11	1.9405425283201823e-11	0.9999999989411938	3.871727200058428e-11	5.809801534442699e-11	7.26718499985828e-11	5.1410861657459713e-11	2.233604539789598e-11	4.1447246013939716e-10	1.2644611798582728e-10
Node_120	3.424482042983316e-12	1.1909001644269366e-12	2.399214046374155e-12	5.026018240611562e-12	3.5476936606325278e-12	1.1851126063302503e-12	0.9999999999353374	2.3645102574054012e-12	3.5481155080404272e-12	4.4381570773019666e-12	3.139723073833532e-12	1.3640890931511079e-12	2.5312330460137703e-11	7.722216146236448e-12
SRR16943744	0.0	0.0	1.0	0.0	0.0	0.0	0.0	0.0	0.0	0.0	0.0	0.0	0.0	0.0
SRR16943746	0.0	0.0	1.0	0.0	0.0	0.0	0.0	0.0	0.0	0.0	0.0	0.0	0.0	0.0
ERR5412474	0.0	0.0	0.0	0.0	0.0	0.0	0.0	0.0	0.0	0.0	0.0	0.0	1.0	0.0
ERR5412467	0.0	0.0	0.0	0.0	0.0	0.0	0.0	0.0	0.0	0.0	0.0	0.0	1.0	0.0
Node_233	7.610434973872273e-15	2.6466099538514144e-15	5.331919472535715e-15	1.11696263894986e-14	7.884255654598583e-15	2.633747911067777e-15	2.1663179200414627e-14	5.254795128968962e-15	7.885193151781247e-15	9.863186729167186e-15	6.977597631610904e-15	3.0314982562697643e-15	0.999999999999891	1.716155117692519e-14
ERR337761	0.0	0.0	0.0	0.0	0.0	0.0	0.0	0.0	0.0	0.0	0.0	0.0	1.0	0.0
Node_235	7.609851791926881e-15	2.6464071461082463e-15	5.331510891530642e-15	1.1168770469374432e-14	7.883651489979096e-15	2.633546088933358e-15	2.166151916717962e-14	5.254392457944708e-15	7.884588915321986e-15	9.862430920538081e-15	6.977062943518182e-15	3.031265954823577e-15	0.999999999999891	1.7160236100081926e-14
Node_236	7.609851791926881e-15	2.6464071461082463e-15	5.331510891530642e-15	1.1168770469374432e-14	7.883651489979096e-15	2.633546088933358e-15	2.166151916717962e-14	5.254392457944708e-15	7.884588915321986e-15	9.862430920538081e-15	6.977062943518182e-15	3.031265954823577e-15	0.999999999999891	1.7160236100081926e-14
ERR5412131	0.0	0.0	0.0	0.0	0.0	0.0	0.0	0.0	0.0	0.0	0.0	0.0	1.0	0.0
Node_262	7.609851781204002e-15	2.646407142379251e-15	5.331510884018125e-15	1.116877045363685e-14	7.883651478870349e-15	2.633546085221408e-15	2.1661519136656843e-14	5.2543924505408566e-15	7.884588904211982e-15	9.862430906641143e-15	6.977062933686954e-15	3.0312659505522855e-15	0.999999999999891	1.7160236075901806e-14
ERR5412871	0.0	0.0	0.0	0.0	0.0	0.0	0.0	0.0	0.0	0.0	0.0	0.0	1.0	0.0
Node_31	2.7179098500020935e-11	9.451821462743992e-12	1.9041850437688273e-11	1.480313897602186e-10	2.815699257289204e-11	9.40588733033805e-12	7.736557547953482e-11	1.876641675515282e-11	2.816034077222596e-11	3.5224336658346876e-11	2.4919050494904613e-11	1.0826370633566424e-11	0.9999999995021819	6.128893965486132e-11
SRR18969494	0.0	0.0	0.0	1.0	0.0	0.0	0.0	0.0	0.0	0.0	0.0	0.0	0.0	0.0
SRR18969492	0.0	0.0	0.0	1.0	0.0	0.0	0.0	0.0	0.0	0.0	0.0	0.0	0.0	0.0
ERR484964	0.0	0.0	0.0	0.0	0.0	0.0	0.0	0.0	0.0	0.0	0.0	0.0	1.0	0.0
ERR5384812	0.0	0.0	0.0	0.0	0.0	0.0	0.0	0.0	1.0	0.0	0.0	0.0	0.0	0.0
ERR5412375	0.0	0.0	0.0	0.0	0.0	0.0	0.0	0.0	0.0	0.0	0.0	0.0	1.0	0.0
Node_40	1.5221912464117362e-14	5.29358245389353e-15	1.0664569338717489e-14	6.290234273936363e-13	1.5769591335171044e-14	5.267856606415628e-15	4.353047274336749e-14	1.0510310086696274e-14	1.5776465751447134e-14	1.9727724568184016e-14	1.3956151254971807e-14	6.063411782701769e-15	0.9999999999991748	3.432545325210077e-14
ERR337785	0.0	0.0	0.0	0.0	0.0	0.0	0.0	0.0	0.0	0.0	0.0	0.0	1.0	0.0
Node_48	1.522116729759403e-14	5.293323314285256e-15	1.0664047270279919e-14	2.5189399909139267e-13	1.576881935772921e-14	5.267598726178695e-15	4.332720481362409e-14	1.0509795569795399e-14	1.5770695639612893e-14	1.9726758826200915e-14	1.3955467984953873e-14	6.063114957221509e-15	0.9999999999995521	3.4323772891039e-14
Node_113	1.129098966793157e-15	3.926562114593065e-16	7.9105396578945e-16	1.6571475427023353e-15	1.169723536710143e-15	3.907479737213974e-16	0.9999999999999789	7.796116478490454e-16	1.1698626256194897e-15	1.4633216082160642e-15	1.0352099851850353e-15	4.497589902207466e-16	8.345824510374841e-15	2.5461211834748367e-15
Node_114	2.1642013839925944e-09	7.52624119998159e-10	1.5162533470708582e-09	3.176338931194287e-09	2.2420685621799527e-09	7.489665037263991e-10	0.9999999591346064	1.4943212746387604e-09	2.24233516096269e-09	2.804822910007739e-09	1.984239600380234e-09	8.620759186977185e-10	1.5996866073850005e-08	4.880279896756493e-09
DRR360421	0.0	0.0	0.0	0.0	0.0	0.0	1.0	0.0	0.0	0.0	0.0	0.0	0.0	0.0
Node_118	3.3777780524348207e-09	1.1746583534536503e-09	2.366492931548882e-09	4.957472076415165e-09	3.499309277500885e-09	1.1689497276028591e-09	0.9999999362193227	2.332262441977305e-09	3.4997253716424917e-09	4.377628318910144e-09	3.0969026369309537e-09	1.3454852858183474e-09	2.4967114212036118e-08	7.616898522905374e-09
DRR360422	0.0	0.0	0.0	0.0	0.0	0.0	1.0	0.0	0.0	0.0	0.0	0.0	0.0	0.0
DRR360426	0.0	0.0	0.0	0.0	0.0	0.0	1.0	0.0	0.0	0.0	0.0	0.0	0.0	0.0
Node_195	7.609851791912827e-15	2.646407146103359e-15	5.3315108915207956e-15	1.1168770469353805e-14	7.883651489964537e-15	2.6335460889274173e-15	2.1661519167139618e-14	5.2543924579350045e-15	7.884588915307425e-15	9.862430920519868e-15	6.977062943505298e-15	3.031265954817979e-15	0.999999999999891	1.7160236100050233e-14
Node_232	7.610435039302835e-15	2.646609976605591e-15	5.331919518376786e-15	1.1169626485529242e-14	7.884255722383315e-15	2.6337479337103168e-15	2.1663179386663377e-14	5.254795174146958e-15	7.885193219574038e-15	9.863186813965735e-15	6.977597691600661e-15	3.03149828233301e-15	0.999999999999891	1.7161551324471284e-14
SRR1735687	0.0	0.0	0.0	0.0	0.0	0.0	0.0	0.0	0.0	0.0	0.0	0.0	1.0	0.0
ERR363348	0.0	0.0	0.0	0.0	0.0	0.0	0.0	0.0	0.0	0.0	0.0	0.0	1.0	0.0
ERR363350	0.0	0.0	0.0	0.0	0.0	0.0	0.0	0.0	0.0	0.0	0.0	0.0	1.0	0.0
ERR363349	0.0	0.0	0.0	0.0	0.0	0.0	0.0	0.0	0.0	0.0	0.0	0.0	1.0	0.0
ERR5412480	0.0	0.0	0.0	0.0	0.0	0.0	0.0	0.0	0.0	0.0	0.0	0.0	1.0	0.0
ERR5414333	0.0	0.0	0.0	0.0	0.0	0.0	0.0	0.0	0.0	0.0	0.0	0.0	1.0	0.0
ERR5413342	0.0	0.0	0.0	0.0	0.0	0.0	0.0	0.0	0.0	0.0	0.0	0.0	1.0	0.0
Node_30	8.65093867705576e-15	3.0084562172146645e-15	6.06090302936213e-15	1.6839833488480853e-14	8.962196302357133e-15	2.9938356674334696e-15	2.4624983389222723e-14	5.9732341945327485e-15	8.963261979431362e-15	1.1211688142308741e-14	7.931579395198568e-15	3.445966702905481e-15	0.9999999999998719	1.9507889804566777e-14
ERR5412924	0.0	0.0	0.0	0.0	0.0	0.0	0.0	0.0	0.0	0.0	0.0	0.0	1.0	0.0
Node_39	7.610143543350841e-15	2.6465086057784696e-15	5.3317152944463615e-15	1.1192441756294146e-14	7.883953738513115e-15	2.633647055526969e-15	2.1662357346815374e-14	5.2545939042440016e-15	7.884891391327427e-15	9.8628090327988e-15	6.977330434679939e-15	3.031382169459933e-15	0.999999999999891	1.716089400032243e-14
Node_47	7.610726632982808e-15	2.6467113814186596e-15	5.332123810776057e-15	1.117884975748063e-14	7.884557807497837e-15	2.633848845714446e-15	2.166400941098717e-14	5.254996511528385e-15	7.885495340656613e-15	9.86356472178894e-15	6.977865038132945e-15	3.0316144341345048e-15	0.999999999999891	1.716220886899839e-14
ERR363375	0.0	0.0	0.0	0.0	0.0	0.0	0.0	0.0	0.0	0.0	0.0	0.0	1.0	0.0
DRR360425	0.0	0.0	0.0	0.0	0.0	0.0	1.0	0.0	0.0	0.0	0.0	0.0	0.0	0.0
DRR360729	0.0	0.0	0.0	0.0	0.0	0.0	1.0	0.0	0.0	0.0	0.0	0.0	0.0	0.0
DRR360730	0.0	0.0	0.0	0.0	0.0	0.0	1.0	0.0	0.0	0.0	0.0	0.0	0.0	0.0
DRR360420	0.0	0.0	0.0	0.0	0.0	0.0	1.0	0.0	0.0	0.0	0.0	0.0	0.0	0.0
DRR360705	0.0	0.0	0.0	0.0	0.0	0.0	1.0	0.0	0.0	0.0	0.0	0.0	0.0	0.0
DRR360424	0.0	0.0	0.0	0.0	0.0	0.0	1.0	0.0	0.0	0.0	0.0	0.0	0.0	0.0
ERR340494	0.0	0.0	0.0	0.0	0.0	0.0	0.0	0.0	0.0	0.0	0.0	0.0	1.0	0.0
SRR1735633	0.0	0.0	0.0	0.0	0.0	0.0	0.0	0.0	0.0	0.0	0.0	0.0	1.0	0.0
Node_196	7.609851791915318e-15	2.646407146104225e-15	5.3315108915225406e-15	1.116877046935746e-14	7.883651489967116e-15	2.633546088928279e-15	2.1661519167146708e-14	5.254392457936723e-15	7.884588915310005e-15	9.862430920523095e-15	6.977062943507581e-15	3.0312659548189706e-15	0.999999999999891	1.716023610005585e-14
Node_231	7.611851424354214e-15	2.6471025396178674e-15	5.332911846812937e-15	1.1171705274967846e-14	7.885723068453446e-15	2.6342381029559824e-15	2.1667211140865356e-14	5.2557731489006064e-15	7.886660740122569e-15	9.865022460717873e-15	6.978896298712328e-15	3.032062477261184e-15	0.999999999999891	1.716474527654221e-14
ERR5412416	0.0	0.0	0.0	0.0	0.0	0.0	0.0	0.0	0.0	0.0	0.0	0.0	1.0	0.0
ERR5412550	0.0	0.0	0.0	0.0	0.0	0.0	0.0	0.0	0.0	0.0	0.0	0.0	1.0	0.0
ERR5413508	0.0	0.0	0.0	0.0	0.0	0.0	0.0	0.0	0.0	0.0	0.0	0.0	1.0	0.0
ERR5412380	0.0	0.0	0.0	0.0	0.0	0.0	0.0	0.0	0.0	0.0	0.0	0.0	1.0	0.0
Node_45	7.609851803089332e-15	2.646407149990108e-15	5.3315108993511276e-15	1.1168770822721242e-14	7.883651501543169e-15	2.6335460927952776e-15	2.1661519198953655e-14	5.2543924656520725e-15	7.8845889268875e-15	9.862430935004713e-15	6.977062953752434e-15	3.031265959269966e-15	0.999999999999891	1.7160236125253285e-14
Node_46	7.609851803089332e-15	2.646407149990108e-15	5.3315108993511276e-15	1.1168770822721242e-14	7.883651501543169e-15	2.6335460927952776e-15	2.1661519198953655e-14	5.2543924656520725e-15	7.8845889268875e-15	9.862430935004713e-15	6.977062953752434e-15	3.031265959269966e-15	0.999999999999891	1.7160236125253285e-14
ERR337760	0.0	0.0	0.0	0.0	0.0	0.0	0.0	0.0	0.0	0.0	0.0	0.0	1.0	0.0
SRR6388712	0.0	0.0	0.0	0.0	0.0	0.0	0.0	0.0	0.0	0.0	0.0	0.0	1.0	0.0
ERR374124	0.0	0.0	0.0	0.0	0.0	0.0	0.0	0.0	0.0	0.0	0.0	0.0	1.0	0.0
Node_230	5.2187794081748844e-14	1.8148862155775978e-14	3.65631026936662e-14	7.659459202876822e-14	5.406549192032605e-14	1.806066198816103e-14	1.4855307734033828e-13	3.603423024753533e-14	5.407192071317241e-14	6.763581316689322e-14	4.784817551611339e-14	2.0788195063821636e-14	0.9999999999992517	1.1768361493391266e-13
ERR363368	0.0	0.0	0.0	0.0	0.0	0.0	0.0	0.0	0.0	0.0	0.0	0.0	1.0	0.0
ERR363366	0.0	0.0	0.0	0.0	0.0	0.0	0.0	0.0	0.0	0.0	0.0	0.0	1.0	0.0
ERR337778	0.0	0.0	0.0	0.0	0.0	0.0	0.0	0.0	0.0	0.0	0.0	0.0	1.0	0.0
ERR337776	0.0	0.0	0.0	0.0	0.0	0.0	0.0	0.0	0.0	0.0	0.0	0.0	1.0	0.0
Node_223	7.615081874089002e-15	2.648225962977092e-15	5.335175120581795e-15	1.1176446517318935e-14	7.889069748593985e-15	2.6353560666821053e-15	2.1676406648315707e-14	5.258003685208849e-15	7.890007818208562e-15	9.869209150317455e-15	6.981858123955679e-15	3.0333492766059784e-15	0.9999999999998909	1.717202994931563e-14
Node_229	1.1633738435378403e-09	4.045756655077232e-10	8.150671638998272e-10	1.7074518379362558e-09	1.2052316110465885e-09	4.026095013920651e-10	3.3115552706460114e-09	8.032775034778378e-10	1.2053749221325342e-09	1.5077421322219457e-09	1.066634772285218e-09	4.6341185361713423e-10	0.9999999833202828	2.623411122007425e-09
Node_222	9.190203538293136e-14	3.1959913258402566e-14	6.438715444073933e-14	1.3488209322935922e-13	9.520863717048852e-14	3.1804593895560124e-14	2.6160006204879257e-13	6.345581685284969e-14	9.521995819215712e-14	1.1910579866779564e-13	8.426002280154634e-14	3.6607744625304036e-14	0.9999999999986823	2.0723933505804316e-13
ERR337758	0.0	0.0	0.0	0.0	0.0	0.0	0.0	0.0	0.0	0.0	0.0	0.0	1.0	0.0
Node_226	1.3540110009744498e-08	4.708717708128537e-09	9.486287770552955e-09	1.9872447580299706e-08	1.4027278240299892e-08	4.685834196889996e-09	3.854205844231527e-08	9.349071947816328e-09	1.4028946188982224e-08	1.754809466450578e-08	1.2414197067591991e-08	5.393491965329324e-09	0.99999980587048	3.0532984208023014e-08
Node_228	2.8951695723612166e-08	1.0068261058145887e-08	2.0283743402529038e-08	4.2491608651200804e-08	2.999336719947904e-08	1.0019331141476872e-08	8.241129117714206e-08	1.9990346174184745e-08	2.999693363599238e-08	3.752163733457734e-08	2.6544249337355557e-08	1.1532457133330792e-08	0.999999584908927	6.528615112346629e-08
Node_203	1.7754405656776215e-13	6.174283979465011e-14	1.2438850285123286e-13	2.60576535552328e-13	1.8393202711020796e-13	6.144278082829898e-14	5.05380931129487e-13	1.2258926682018116e-13	1.8395389800896765e-13	2.3009856711129026e-13	1.6278057599426263e-13	7.072191008057149e-14	0.9999999999974546	4.0036232139254963e-13
Node_221	2.1977745892669206e-09	7.642995603069956e-10	1.53977494965628e-09	3.2256134024826687e-09	2.2768497191618936e-09	7.605852035198592e-10	6.255987329615465e-09	1.5175026454993068e-09	2.277120453685291e-09	2.848334061979234e-09	2.015021062729197e-09	8.754492821908595e-10	0.9999999684897002	4.955987564250774e-09
Node_224	5.263938142671876e-13	1.8305906472734722e-13	3.6879487679079284e-13	7.725737437207139e-13	5.45333272136237e-13	1.821694309831596e-13	1.4983852523028261e-12	3.6346038835191467e-13	5.453981163559836e-13	6.82210741044426e-13	4.826221161254484e-13	2.0968077850223426e-13	0.9999999999924528	1.187019456020229e-12
Node_225	1.2485409256936375e-11	4.341934269297521e-12	8.747357669855311e-12	1.832449225290576e-11	1.2934629738238535e-11	4.320833258829861e-12	3.553984221034719e-11	8.620830211647027e-12	1.2936167762811658e-11	1.6181193757520272e-11	1.1447198794810204e-11	4.973368345063035e-12	0.9999999998209922	2.8154631195639355e-11
Node_227	8.252079536595586e-12	2.8697486959033824e-12	5.781459761648829e-12	1.2111350491350562e-11	8.548986355177673e-12	2.8558022394358123e-12	2.3489626859841156e-11	5.6978329755971055e-12	8.550002893830618e-12	1.0694763394314719e-11	7.565886947079057e-12	3.287087375645813e-12	0.999999999881687	1.860846137829691e-11
ERR5412211	0.0	0.0	0.0	0.0	0.0	0.0	0.0	0.0	0.0	0.0	0.0	0.0	1.0	0.0
Node_197	7.61636273510721e-15	2.6486713960609996e-15	5.336072500012543e-15	1.1178326401856243e-14	7.890396694525553e-15	2.6357993350422787e-15	2.1680052632003045e-14	5.2588880843611285e-15	7.891334921923899e-15	9.870869156800668e-15	6.983032476385961e-15	3.0338594876460245e-15	0.9999999999998909	1.717491829433007e-14
Node_202	4.432919479266006e-09	1.5415950413774854e-09	3.1057317712886585e-09	6.506074168969435e-09	4.5924143088762795e-09	1.5341031699931077e-09	1.2618349593687844e-08	3.060808451386904e-09	4.592960381411806e-09	5.745100343077599e-09	4.064304939972485e-09	1.7657844417191863e-09	0.9999999364436086	9.996245256387e-09
Node_220	5.5754382033780774e-11	1.9389181166127024e-11	3.9061877049828504e-11	8.182917520913256e-11	5.776040440889876e-11	1.9294953273816876e-11	1.5870540558493595e-10	3.849686070975229e-11	5.776727255457732e-11	7.22581406787456e-11	5.111818777329332e-11	2.220888983285106e-11	0.999999999200629	1.257262802843082e-10
ERR5412963	0.0	0.0	0.0	0.0	0.0	0.0	0.0	0.0	0.0	0.0	0.0	0.0	1.0	0.0
ERR5413648	0.0	0.0	0.0	0.0	0.0	0.0	0.0	0.0	0.0	0.0	0.0	0.0	1.0	0.0
ERR5412870	0.0	0.0	0.0	0.0	0.0	0.0	0.0	0.0	0.0	0.0	0.0	0.0	1.0	0.0
ERR5413489	0.0	0.0	0.0	0.0	0.0	0.0	0.0	0.0	0.0	0.0	0.0	0.0	1.0	0.0
ERR5412287	0.0	0.0	0.0	0.0	0.0	0.0	0.0	0.0	0.0	0.0	0.0	0.0	1.0	0.0
ERR363434	0.0	0.0	0.0	0.0	0.0	0.0	0.0	0.0	0.0	0.0	0.0	0.0	1.0	0.0
ERR363487	0.0	0.0	0.0	0.0	0.0	0.0	0.0	0.0	0.0	0.0	0.0	0.0	1.0	0.0
ERR363351	0.0	0.0	0.0	0.0	0.0	0.0	0.0	0.0	0.0	0.0	0.0	0.0	1.0	0.0
ERR337759	0.0	0.0	0.0	0.0	0.0	0.0	0.0	0.0	0.0	0.0	0.0	0.0	1.0	0.0
Node_201	8.251007123272187e-12	2.869375752729163e-12	5.7807084220077616e-12	1.2109776539769791e-11	8.547875356813178e-12	2.8554311086975565e-12	2.348657422460001e-11	5.697092503820212e-12	8.548891763360077e-12	1.0693373537769614e-11	7.564903709104993e-12	3.286660196498886e-12	0.9999999998817023	1.8606043083390573e-11
ERR115052	0.0	0.0	0.0	0.0	0.0	0.0	0.0	0.0	0.0	0.0	0.0	0.0	1.0	0.0
Node_205	9.746141925610183e-15	3.3893248310410455e-15	6.828209437918234e-15	1.430414482507611e-14	1.0096804565221251e-14	3.372853329101504e-15	2.7742490379592714e-14	6.7294417852279915e-15	1.0098005151078411e-14	1.2631080619081523e-14	8.935712222882294e-15	3.882223861616136e-15	0.9999999999998603	2.197757605290098e-14
Node_219	7.938257754852142e-13	2.7606138233042433e-13	5.561594211949198e-13	1.1650762881444539e-12	8.223873379934943e-13	2.747197742458751e-13	2.259633002224364e-12	5.481147703896959e-13	8.224851260214582e-13	1.028804776719983e-12	7.278160670123981e-13	3.162081355963516e-13	0.9999999999886184	1.7900792422933157e-12
ERR5413289	0.0	0.0	0.0	0.0	0.0	0.0	0.0	0.0	0.0	0.0	0.0	0.0	1.0	0.0
Node_200	7.925998147675626e-15	2.756350414117374e-15	5.553005052662703e-15	1.1632769792703284e-14	8.21117267655387e-15	2.7429550526647382e-15	2.2561432927911538e-14	5.472682783784588e-15	8.212149046624467e-15	1.0272159214807838e-14	7.26692049708617e-15	3.1571979323608237e-15	0.9999999999998864	1.787314697603149e-14
Node_204	7.609933620726414e-15	2.6464356029462725e-15	5.331568221311548e-15	1.1168890567256068e-14	7.883736262949057e-15	2.633574407475252e-15	2.166175209367517e-14	5.2544489584704565e-15	7.88467369837209e-15	9.862536971339698e-15	6.977137967933973e-15	3.0312985500515702e-15	0.999999999999891	1.716042062424326e-14
ERR5414252	0.0	0.0	0.0	0.0	0.0	0.0	0.0	0.0	0.0	0.0	0.0	0.0	1.0	0.0
Node_218	1.1032084590013835e-13	3.836525111626484e-14	7.729149102528443e-14	1.6191487555027425e-13	1.142901497870245e-13	3.817880297698205e-14	3.140293902360244e-13	7.61734967383629e-14	1.1430373974378364e-13	1.4297672957832233e-13	1.0114723740664816e-13	4.3944590962888064e-14	0.9999999999984184	2.487738019307432e-13
ERR5414358	0.0	0.0	0.0	0.0	0.0	0.0	0.0	0.0	0.0	0.0	0.0	0.0	1.0	0.0
Node_199	7.610155462859546e-15	2.6465127509147844e-15	5.3317236453304806e-15	1.1169216158861939e-14	7.883966086881405e-15	2.6336511805186755e-15	2.1662383569523885e-14	5.254602134335513e-15	7.884903549632228e-15	9.862824480580757e-15	6.9773413630287396e-15	3.0313869174106058e-15	0.999999999999891	1.7160920878845525e-14
ERR5412703	0.0	0.0	0.0	0.0	0.0	0.0	0.0	0.0	0.0	0.0	0.0	0.0	1.0	0.0
ERR5413700	0.0	0.0	0.0	0.0	0.0	0.0	0.0	0.0	0.0	0.0	0.0	0.0	1.0	0.0
ERR5414315	0.0	0.0	0.0	0.0	0.0	0.0	0.0	0.0	0.0	0.0	0.0	0.0	1.0	0.0
Node_217	2.766435194245383e-14	9.620573524261193e-15	1.9381822106548936e-14	4.0602209540670155e-14	2.865970525757222e-14	9.573819287543289e-15	7.874685424028876e-14	1.910147085315983e-14	2.866311311166906e-14	3.585322913691325e-14	2.536395321113955e-14	1.1019663785618116e-14	0.9999999999996034	6.238318746127153e-14
ERR5411980	0.0	0.0	0.0	0.0	0.0	0.0	0.0	0.0	0.0	0.0	0.0	0.0	1.0	0.0
Node_198	7.60985178120346e-15	2.6464071423790618e-15	5.331510884017744e-15	1.116877045363596e-14	7.883651478869849e-15	2.6335460852212198e-15	2.1661519136655293e-14	5.254392450540481e-15	7.884588904211418e-15	9.862430906640438e-15	6.977062933686455e-15	3.031265950552069e-15	0.999999999999891	1.7160236075900578e-14
ERR5412686	0.0	0.0	0.0	0.0	0.0	0.0	0.0	0.0	0.0	0.0	0.0	0.0	1.0	0.0
Node_216	2.793301522802456e-14	9.714004048044269e-15	1.9570049324678775e-14	4.099651926602786e-14	2.893803495038429e-14	9.666795755981886e-15	7.95116069672843e-14	1.9286975430650696e-14	2.894147589997097e-14	3.620141897914344e-14	2.5610276096958163e-14	1.1126681621592999e-14	0.9999999999995995	6.298902388724615e-14
ERR5413301	0.0	0.0	0.0	0.0	0.0	0.0	0.0	0.0	0.0	0.0	0.0	0.0	1.0	0.0
ERR5413021	0.0	0.0	0.0	0.0	0.0	0.0	0.0	0.0	0.0	0.0	0.0	0.0	1.0	0.0
ERR5413061	0.0	0.0	0.0	0.0	0.0	0.0	0.0	0.0	0.0	0.0	0.0	0.0	1.0	0.0
Node_215	2.79325139058858e-14	9.713829707922177e-15	1.956969809517838e-14	4.099578348929402e-14	2.893751559085719e-14	9.666622263121064e-15	7.951017994880686e-14	1.9286629281561736e-14	2.894095647868835e-14	3.6200769261501414e-14	2.5609816461709972e-14	1.1126481927726001e-14	0.9999999999995995	6.298789340448531e-14
ERR5413276	0.0	0.0	0.0	0.0	0.0	0.0	0.0	0.0	0.0	0.0	0.0	0.0	1.0	0.0
Node_214	1.4580429070824195e-14	5.070499760230327e-15	1.0215141965939107e-14	2.1399295293738678e-14	1.5105027602598303e-14	5.0458580540503305e-15	4.1503337045068695e-14	1.0067383523107718e-14	1.510682370377017e-14	1.8896356779952195e-14	1.336800954238876e-14	5.8078868626583646e-15	0.9999999999997908	3.287890646717675e-14
ERR5412330	0.0	0.0	0.0	0.0	0.0	0.0	0.0	0.0	0.0	0.0	0.0	0.0	1.0	0.0
Node_213	1.442306993254612e-14	5.015776441113083e-15	1.0104895146086257e-14	2.116834360837854e-14	1.494200673979203e-14	4.991400680306255e-15	4.105541268554863e-14	9.958731384805344e-15	1.4943783456559548e-14	1.8692418034045297e-14	1.3223735430024487e-14	5.745205300443349e-15	0.999999999999793	3.252406119039726e-14
ERR5412435	0.0	0.0	0.0	0.0	0.0	0.0	0.0	0.0	0.0	0.0	0.0	0.0	1.0	0.0
Node_212	7.210166140764376e-12	2.507412196882625e-12	5.051488565127115e-12	1.0582162816585157e-11	7.46958529454368e-12	2.4952266298676462e-12	2.0523809967285856e-11	4.978420556199533e-12	7.470473484307634e-12	9.344435007831565e-12	6.610612712681855e-12	2.8720573998966984e-12	0.9999999998966252	1.6258943890023405e-11
ERR5412273	0.0	0.0	0.0	0.0	0.0	0.0	0.0	0.0	0.0	0.0	0.0	0.0	1.0	0.0
ERR5413154	0.0	0.0	0.0	0.0	0.0	0.0	0.0	0.0	0.0	0.0	0.0	0.0	1.0	0.0
Node_211	3.84365564764422e-12	1.3366722573882576e-12	2.692889757780623e-12	5.64122782751113e-12	3.981948979041013e-12	1.3301762734452435e-12	1.0941004208756272e-11	2.653938052689006e-12	3.982422462666215e-12	4.9814095390717975e-12	3.5240406935747243e-12	1.5310603708642158e-12	0.9999999999448921	8.667453743443663e-12
ERR5413634	0.0	0.0	0.0	0.0	0.0	0.0	0.0	0.0	0.0	0.0	0.0	0.0	1.0	0.0
Node_210	7.75742288688964e-15	2.6977265687391537e-15	5.4349001455636474e-15	1.1385356512390648e-14	8.036532139233687e-15	2.6846161085075534e-15	2.2081581763595588e-14	5.356286222709688e-15	8.037487743233414e-15	1.0053684281277956e-14	7.1123629265338e-15	3.090048602410907e-15	0.9999999999998889	1.7493009313062903e-14
Node_206	7.609857423699776e-15	2.646409104617353e-15	5.331514837186792e-15	1.1168778734972923e-14	7.883657324381067e-15	2.6335480379233895e-15	2.1661535198077442e-14	5.2543963465283275e-15	7.884594750417774e-15	9.862438219362376e-15	6.977068106987202e-15	3.0312681981526073e-15	0.999999999999891	1.7160248799744834e-14
Node_209	7.610440594900307e-15	2.6466119086238813e-15	5.3319234106639466e-15	1.1169634639327065e-14	7.884261477869162e-15	2.6337498563393496e-15	2.1663195200727095e-14	5.254799010133552e-15	7.885198975744255e-15	9.86319401406605e-15	6.977602785228541e-15	3.0315004953187463e-15	0.999999999999891	1.7161563852358407e-14
ERR5413482	0.0	0.0	0.0	0.0	0.0	0.0	0.0	0.0	0.0	0.0	0.0	0.0	1.0	0.0
ERR5414369	0.0	0.0	0.0	0.0	0.0	0.0	0.0	0.0	0.0	0.0	0.0	0.0	1.0	0.0
Node_207	7.609851792128203e-15	2.646407146178258e-15	5.33151089167169e-15	1.1168770469669998e-14	7.883651490187598e-15	2.6335460890019524e-15	2.1661519167752686e-14	5.254392458083715e-15	7.884588915530577e-15	9.862430920798997e-15	6.977062943702764e-15	3.0312659549037704e-15	0.999999999999891	1.7160236100535906e-14
Node_208	7.609851792128203e-15	2.646407146178258e-15	5.33151089167169e-15	1.1168770469669998e-14	7.883651490187598e-15	2.6335460890019524e-15	2.1661519167752686e-14	5.254392458083715e-15	7.884588915530577e-15	9.862430920798997e-15	6.977062943702764e-15	3.0312659549037704e-15	0.999999999999891	1.7160236100535906e-14
ERR5412123	0.0	0.0	0.0	0.0	0.0	0.0	0.0	0.0	0.0	0.0	0.0	0.0	1.0	0.0
ERR5412569	0.0	0.0	0.0	0.0	0.0	0.0	0.0	0.0	0.0	0.0	0.0	0.0	1.0	0.0
ERR5412750	0.0	0.0	0.0	0.0	0.0	0.0	0.0	0.0	0.0	0.0	0.0	0.0	1.0	0.0
ERR5413323	0.0	0.0	0.0	0.0	0.0	0.0	0.0	0.0	0.0	0.0	0.0	0.0	1.0	0.0
