node	Australia	Canada	Germany	Ireland	Singapore	UK	USA
Node_134	0.021109446145361723	0.043676156270118414	0.04379060360359143	0.02191930190863991	0.021132090533498824	0.3654947402972632	0.48287766124152653
SRR30795517	0.0	0.0	0.0	0.0	0.0	0.0	1.0
Node_133	0.009418231524735435	0.021896578154818096	0.02591222857740125	0.011762303875321697	0.009507895923744595	0.481517921692375	0.439984840251604
Node_4	0.0026124201526837327	0.005386490229817152	0.005369898312957548	0.0026972634141432254	0.0026146053307339982	0.4505160103976356	0.5308033121620288
Node_132	0.0001232322415634227	0.0055937073574486825	0.0143771231621892	0.004520333695601209	0.0002996165601267088	0.5851954719166093	0.38989051506646155
Node_2	0.0026123858960984615	0.005386392765400784	0.005369756925583827	0.0026972059697224792	0.002614570159682746	0.4503412615583586	0.5309784267251532
Node_3	3.5570814393769066e-07	7.277399424512465e-07	7.161256597578367e-07	3.625818099783269e-07	3.5581794012425154e-07	0.9999663695774376	3.1112449066204784e-05
Node_5	0.00011899375255750135	0.9933182616316134	0.0002677765384908057	0.0001300687957386476	0.00011938262030114129	0.002836002214842262	0.0032095144464562267
Node_131	0.00012144728557838646	0.005557082468204559	0.014375338767041855	0.004519076968427759	0.0002978536334067715	0.5852340149810622	0.38989518589627836
SRR12051616	0.0	0.0	0.0	0.0	0.0	0.0	1.0
Node_1	0.0026129142425435885	0.005387452801272107	0.00537076532259169	0.002697727328092673	0.0026150979791192486	0.45024768825199024	0.5310683540743906
ERR5413002	0.0	0.0	0.0	0.0	0.0	1.0	0.0
ERR5413751	0.0	0.0	0.0	0.0	0.0	1.0	0.0
SRR16943774	0.0	1.0	0.0	0.0	0.0	0.0	0.0
SRR16943773	0.0	1.0	0.0	0.0	0.0	0.0	0.0
Node_7	0.00012289408307256854	0.005559111910964804	0.01437577475381489	0.0045197813464985005	0.0002992699646723538	0.585152053655524	0.3899711142854529
Node_130	0.00012017106826091471	0.005530640272295853	0.014376008578635439	0.00451878359885171	0.00029661745033304526	0.5853328994399553	0.3898248795916678
SRR12051541	0.0	0.0	0.0	0.0	0.0	0.0	1.0
SRR12051592	0.0	0.0	0.0	0.0	0.0	0.0	1.0
SRR30795464	0.0	0.0	0.0	0.0	0.0	0.0	1.0
Node_6	0.00012465061772573983	0.005562164748098045	0.014377871709192821	0.00452112411996468	0.00030100907655107064	0.5851172805004015	0.3899958992280662
Node_26	0.00012119453106014878	0.005531533139215507	0.014397417006718947	0.00451882782268579	0.0003002304449247373	0.5853729908207533	0.3897578062346416
Node_129	0.00011977483698794527	0.0055218394174166565	0.014367397627366585	0.004520074846376756	0.0002951212516213433	0.5853419888173247	0.389833803202906
SRR30795514	0.0	0.0	0.0	0.0	0.0	0.0	1.0
SRR30795550	0.0	0.0	0.0	0.0	0.0	0.0	1.0
Node_21	0.0017427315423149718	0.0066970150911359145	0.011897789539084444	0.004381637968344472	0.008827982130135777	0.7012253400175732	0.2652275037114114
ERR1413171	0.0	0.0	1.0	0.0	0.0	0.0	0.0
Node_50	0.00012006073812692715	0.005520010175454799	0.01437210878522526	0.004518354201749233	0.0002953270365567919	0.5853258801614698	0.3898482589014173
Node_128	0.00011995920567828585	0.005521432558882127	0.01435435334086894	0.004529968097471862	0.00029503387221983417	0.5853447873000622	0.3898344656248167
SRR14719251	0.0	0.0	0.0	0.0	1.0	0.0	0.0
Node_20	6.289738854539915e-05	0.00015966994294731686	0.00020965838677802347	8.989697126950926e-05	0.00013397071360922295	0.9957844222290771	0.0035594843677734275
Node_28	0.00012165363438866807	0.005522481092590877	0.01439793983830872	0.004519321296886791	0.00029689424898832325	0.5852610751880464	0.3898806347007903
Node_49	0.00012050675398909826	0.005519303514544292	0.014368669040850178	0.004517459382435395	0.000295719398108639	0.5853355265840458	0.3898428153260267
Node_58	0.00012120176969862373	0.0055212199862292284	0.014349486649694605	0.004599095004794307	0.00029618543068559285	0.5850575102213419	0.39005530093755586
Node_127	0.00012112169024345989	0.00552615630161298	0.014349253473697005	0.004528687971411809	0.0002957513449001096	0.5855002667530358	0.3896787624650989
ERR5412542	0.0	0.0	0.0	0.0	0.0	1.0	0.0
Node_19	6.225931074980923e-05	0.00015804336469823439	0.0002075133271677039	8.897935967527854e-05	0.0001325963821623012	0.9958277300075686	0.003522878247978176
SRR12051858	0.0	0.0	0.0	0.0	0.0	0.0	1.0
Node_27	8.002138764462499e-12	1.6903143873464476e-11	0.9999999995842294	8.600674500076559e-12	8.022287026044268e-12	1.713016067478461e-10	2.0294078531116878e-10
Node_48	0.0005487539198212836	0.0031004154803991107	0.006403384343400839	0.0022077591943356254	0.0006146296988673279	0.6226113906294469	0.36451366673372876
SRR30795546	0.0	0.0	0.0	0.0	0.0	0.0	1.0
Node_51	0.00012252280799500604	0.005522384224460591	0.01434803134850412	0.004599136166985078	0.0002974558385804439	0.5849058850406486	0.39020458457282614
Node_57	0.00012292030023120608	0.005523636322959277	0.014350005648727066	0.0046915121834903845	0.0002978680142078855	0.5849600221296406	0.39005403540074357
Node_78	0.00012200246580938038	0.005531496158440194	0.014345671762486733	0.004527913412713292	0.0002965661084141315	0.5856265507745161	0.3895497993176202
Node_126	0.00012350055707358216	0.005529114739780933	0.014351323141194491	0.004529994393283342	0.00029742518114687114	0.5854875837192006	0.38968105826832017
Node_18	6.210663212338337e-05	0.0001576422583461083	0.00020696818148420971	8.87498949037622e-05	0.00013224074817564025	0.9958390453819266	0.0035132469030402414
ERR5413214	0.0	0.0	0.0	0.0	0.0	1.0	0.0
ERR5671702	0.0	0.0	1.0	0.0	0.0	0.0	0.0
ERR7253718	0.0	0.0	1.0	0.0	0.0	0.0	0.0
Node_31	0.0007339267461540243	0.0017359629611480923	0.002105852191525765	0.0009435689273716509	0.0007419430841038465	0.9361762904435558	0.05756245564614088
Node_47	0.0007811518444009303	0.0022479167106402268	0.0033136522201071034	0.0013378758013820207	0.0008029814384964694	0.4780812761959571	0.5134351457890162
SRR30795413	0.0	0.0	0.0	0.0	0.0	0.0	1.0
SRR19357831	0.0	0.0	0.0	0.0	0.0	0.0	1.0
Node_52	2.3468242383355988e-08	5.421876060890645e-08	6.385231848635878e-08	0.9999978816920261	2.3681389775138703e-08	1.0163084349554148e-06	9.367788276169687e-07
Node_56	0.0014886085651824896	0.0031304717659154098	0.0032245505826857435	0.0015915447542297271	0.0014918883405313484	0.03031906481739306	0.9587538711740622
ERR5412644	0.0	0.0	0.0	0.0	0.0	1.0	0.0
Node_77	0.0001228871025414621	0.005536873674617632	0.014342240055892885	0.004527187209750755	0.0002973864947718322	0.5857486059417815	0.3894248195206439
Node_81	0.2002800430197106	0.008196980785144272	0.008077289146407976	0.0040864383277153474	0.00400506826675843	0.05693263162950307	0.7184215488247603
Node_125	0.011813456433456892	0.02535545909693621	0.02695738205670481	0.013033325971919203	0.011856195168803658	0.5819971261902601	0.3289870550819191
Node_13	1.3881170510208473e-08	2.9311196079916526e-08	3.039307624940875e-08	1.490913181466423e-08	1.6225652261061355e-08	0.999999544172381	3.5110739206060636e-07
Node_17	6.239202044324372e-05	0.00015821614160234395	0.0002075160655367662	8.903251197002057e-05	0.00013250965638265217	0.9958319745049523	0.0035183590991126274
ERR5412907	0.0	0.0	0.0	0.0	0.0	1.0	0.0
Node_30	2.1292706212427096e-11	4.3684427255617215e-11	4.3200599285626364e-11	2.1807879688126983e-11	2.130336937599317e-11	0.9999999993700079	4.787031504966048e-10
Node_32	5.2318051783611646e-11	1.111414586727798e-10	1.1634142568720728e-10	5.675515984962198e-11	5.2470663712838056e-11	3.952389860135194e-09	0.9999999956585833
Node_46	0.000781512188462271	0.0022484793738156905	0.0033139101336623687	0.0013380976556517917	0.0008033360950928598	0.47809141001313826	0.5134232545401768
ERR4020095	0.0	0.0	0.0	1.0	0.0	0.0	0.0
ERR4020091	0.0	0.0	0.0	1.0	0.0	0.0	0.0
SRR21939535	0.0	0.0	0.0	0.0	0.0	0.0	1.0
Node_55	0.0014882238328596273	0.0031296444409792683	0.0032236683735248814	0.001591117610502109	0.0014915021550342361	0.030309209754758586	0.9587666338323413
ERR5414023	0.0	0.0	0.0	0.0	0.0	1.0	0.0
Node_76	0.00012378244195607887	0.0055423455423493145	0.014339159032603195	0.004526574708286391	0.00029822166103998663	0.5858608228569977	0.3893090937567673
SRR25361418	1.0	0.0	0.0	0.0	0.0	0.0	0.0
Node_80	0.20020282755063112	0.008195284447181915	0.008075604158381686	0.0040855899794838	0.004004243055020071	0.056920024962232675	0.7185164258470687
ERR5412109	0.0	0.0	0.0	0.0	0.0	1.0	0.0
Node_114	4.3215994099146655e-08	8.872822274335234e-08	8.785196358643144e-08	4.431719163715869e-08	4.323962577041544e-08	0.9999987846316647	9.080153375149586e-07
Node_11	3.6597160365028097e-13	7.726719505078059e-13	8.01016993436926e-13	3.9298504457651306e-13	4.2754388155965634e-13	0.9999999999879907	9.249023275054353e-12
Node_12	0.00010611755896600812	0.0002161130454310252	0.00021101646954088508	0.00010735211828728959	0.00010611811179761849	0.9971528118053407	0.002100470890636588
Node_14	0.00045158329950881833	0.0009206244145800003	0.0009005396325247447	0.000457631652451297	0.00045373583541668595	0.9878073096300316	0.009008575535486944
Node_16	6.083255304831952e-08	1.239792370586897e-07	1.2121050156480525e-07	6.161604308325375e-08	6.10378843750509e-08	0.9999983605393995	1.210784381313049e-06
ERR5413997	0.0	0.0	0.0	0.0	0.0	1.0	0.0
Node_29	1.950454586430912e-15	3.980610178957861e-15	3.901079145568565e-15	1.9801671464170637e-15	1.9507346422371093e-15	0.9999999999999459	4.0109897302729145e-14
ERR363423	0.0	0.0	0.0	0.0	0.0	0.0	1.0
ERR363476	0.0	0.0	0.0	0.0	0.0	0.0	1.0
Node_44	0.0007822465209759766	0.002249841526852536	0.0033150131209332885	0.001338729392309859	0.0008040659975232035	0.47812806650348755	0.5133820369379176
SRR32028585	0.0	0.0	0.0	0.0	0.0	0.0	1.0
Node_54	1.4326445468634284e-07	2.9369308413634144e-07	2.900429195895179e-07	1.466016721588076e-07	1.433284568429575e-07	2.0788170160343453e-06	0.9999969042523966
SRR21939534	0.0	0.0	0.0	0.0	0.0	0.0	1.0
SRR26727983	0.0	1.0	0.0	0.0	0.0	0.0	0.0
Node_75	0.0007202502456253157	0.002949091933159407	0.00538093436250063	0.0019618391633657115	0.0007691262253086582	0.8655687095761945	0.12265004849384582
SRR30795498	0.0	0.0	0.0	0.0	0.0	0.0	1.0
Node_79	0.11202854671189601	0.007382862030280639	0.007249410190607539	0.0036754666043525863	0.0036142133708240956	0.049702060061053474	0.8163474410309857
Node_99	4.679591578513243e-13	9.605498164997711e-13	9.50671603369505e-13	4.796888664289207e-13	4.682073720730495e-13	0.9999999999868576	9.815238288161962e-12
Node_113	3.361461519373336e-07	6.851485436279934e-07	6.699614139570792e-07	3.405344527015421e-07	3.361650406033283e-07	0.9999909364452986	6.695599098523669e-06
Node_10	1.880333971794191e-15	3.830342246327328e-15	3.741645766719514e-15	1.9030081211890407e-15	1.8825044424185857e-15	0.9999999999999496	3.728933775944592e-14
SRR6045443	0.0	0.0	0.0	0.0	0.0	1.0	0.0
ERR5414280	0.0	0.0	0.0	0.0	0.0	1.0	0.0
ERR5413491	0.0	0.0	0.0	0.0	0.0	1.0	0.0
ERR5412811	0.0	0.0	0.0	0.0	0.0	1.0	0.0
ERR5413161	0.0	0.0	0.0	0.0	0.0	1.0	0.0
ERR5413081	0.0	0.0	0.0	0.0	0.0	1.0	0.0
Node_15	3.950666668413263e-12	8.04569695251306e-12	7.855941765959615e-12	3.996621331216646e-12	3.95066849101896e-12	0.9999999998940023	7.819813790299395e-11
ERR5413294	0.0	0.0	0.0	0.0	0.0	1.0	0.0
ERR5413565	0.0	0.0	0.0	0.0	0.0	1.0	0.0
SRR25621274	0.0	0.0	0.0	0.0	0.0	0.0	1.0
Node_43	6.528482200376203e-05	0.0001365048238392655	0.0001393290438695407	6.90026321143183e-05	6.540274970091742e-05	0.9501503460092837	0.049374129919188464
SRR21939533	0.0	0.0	0.0	0.0	0.0	0.0	1.0
Node_53	5.7226383900331564e-12	1.173140008252529e-11	1.1585517668227312e-11	5.855901739228509e-12	5.725193381747187e-12	8.303231126648154e-11	0.999999999876347
Node_70	2.5306348524727857e-11	5.362251777759851e-11	5.587651767993411e-11	2.7335451462022578e-11	2.5375102070749682e-11	0.9999999991591034	6.533806377874978e-10
Node_74	0.00035235824300864754	0.0010098475012717018	0.0014792234372908942	0.0005996054854088363	0.000361994981196139	0.9678508523111925	0.028346118040631207
SRR30795534	0.0	0.0	0.0	0.0	0.0	0.0	1.0
SRR12051735	0.0	0.0	0.0	0.0	0.0	0.0	1.0
Node_97	2.788743357154686e-15	5.6794901580779754e-15	5.545708025714105e-15	2.8212644663532128e-15	2.7887466621548008e-15	0.9999999999999252	5.520664333701805e-14
ERR5413069	0.0	0.0	0.0	0.0	0.0	1.0	0.0
ERR5412076	0.0	0.0	0.0	0.0	0.0	1.0	0.0
Node_108	3.3063029525878873e-12	6.7334287416826335e-12	6.574631952660681e-12	3.3447667120958696e-12	3.3063032028339644e-12	0.9999999999112905	6.54442123180813e-11
Node_9	1.813166411498774e-11	3.692588460890906e-11	3.6054993760723786e-11	1.834257118707257e-11	1.813166496637452e-11	0.9999999995135216	3.5889168164139866e-10
ERR5413975	0.0	0.0	0.0	0.0	0.0	1.0	0.0
ERR5412631	0.0	0.0	0.0	0.0	0.0	1.0	0.0
ERR5413687	0.0	0.0	0.0	0.0	0.0	1.0	0.0
Node_40	6.484708533739316e-05	0.00013558866472662367	0.00013839245354275637	6.853922545932721e-05	6.496419275024294e-05	0.9501758531967962	0.04935181518138725
Node_42	6.296475062778348e-09	1.2824525661773076e-08	1.2524604296770191e-08	6.37096029461868e-09	6.296524788039422e-09	0.9999998108245785	1.4486233136994834e-07
SRR21939532	0.0	0.0	0.0	0.0	0.0	0.0	1.0
SRR21939531	0.0	0.0	0.0	0.0	0.0	0.0	1.0
Node_64	4.8872198180100126e-12	1.007782208925406e-11	1.0050737769670587e-11	5.047895267354887e-12	4.891334902788437e-12	0.9999999998591832	1.058618447595443e-10
Node_69	2.0559248775592478e-15	4.241735617186104e-15	4.234103897147938e-15	2.125397773436875e-15	2.05773053375268e-15	0.9999999999999406	4.469862245475591e-14
ERR5413007	0.0	0.0	0.0	0.0	0.0	1.0	0.0
Node_73	1.069189491546807e-11	2.319088930247377e-11	2.5034174252658895e-11	1.1994671834331297e-11	1.0738599093598766e-11	0.9999999996031415	3.1520837897337535e-10
ERR5413084	0.0	0.0	0.0	0.0	0.0	1.0	0.0
Node_96	1.573511311081002e-15	3.2045209089287554e-15	3.1289427848217165e-15	1.5918143407428876e-15	1.5735113370351475e-15	0.9999999999999578	3.114551937887706e-14
Node_107	1.4781109700425891e-15	3.0102343193763013e-15	2.9392386742390177e-15	1.495304434216649e-15	1.4781109994773928e-15	0.9999999999999604	2.9257210446616016e-14
ERR5414312	0.0	0.0	0.0	0.0	0.0	1.0	0.0
Node_8	1.8131184630839948e-11	3.692490787371706e-11	3.605403964310876e-11	1.8342085921039985e-11	1.8131184928787823e-11	0.9999999995135345	3.58882172881375e-10
ERR5414309	0.0	0.0	0.0	0.0	0.0	1.0	0.0
Node_39	6.445322442831002e-05	0.00013476318579842603	0.00013754666138430719	6.812130957582124e-05	6.456955559054561e-05	0.9502664721070175	0.04926407395620504
SRR12051598	0.0	0.0	0.0	0.0	0.0	0.0	1.0
ERR5413455	0.0	0.0	0.0	0.0	0.0	1.0	0.0
Node_41	2.2974973403986647e-08	4.679097298239721e-08	4.568995004149867e-08	2.3243458327451045e-08	2.297502324373129e-08	0.9999993634001398	4.749254820781988e-07
Node_62	3.0393403054869095e-15	6.1962972435416374e-15	6.0612202425773256e-15	3.0801473257924966e-15	3.039556495414157e-15	0.999999999999918	6.063895313194313e-14
Node_63	3.3723085004884588e-12	6.8678458280900415e-12	6.70586875055848e-12	3.411535073229539e-12	3.3723085559469934e-12	0.9999999999095198	6.675026638368083e-11
Node_68	1.3913311261403955e-15	2.8335048578118808e-15	2.7666795116833344e-15	1.407516236441135e-15	1.3913311964240626e-15	0.9999999999999627	2.7539615015616825e-14
ERR5412756	0.0	0.0	0.0	0.0	0.0	1.0	0.0
ERR5414003	0.0	0.0	0.0	0.0	0.0	1.0	0.0
Node_72	4.0241651036665675e-12	8.280387789572828e-12	8.228552360585306e-12	4.1416992682834e-12	4.026968229135813e-12	0.9999999998854288	8.586930960197091e-11
ERR5412356	0.0	0.0	0.0	0.0	0.0	1.0	0.0
Node_95	6.937108298949635e-12	1.4127708148370064e-11	1.379450834080998e-11	7.017800494208766e-12	6.937108412946417e-12	0.999999999813875	1.373106363721138e-10
ERR5413872	0.0	0.0	0.0	0.0	0.0	1.0	0.0
Node_106	1.3912770911688772e-15	2.833393375241246e-15	2.7665682315335056e-15	1.4074603764637708e-15	1.3912771140317258e-15	0.9999999999999627	2.7538440302181483e-14
ERR5413589	0.0	0.0	0.0	0.0	0.0	1.0	0.0
ERR5412818	0.0	0.0	0.0	0.0	0.0	1.0	0.0
ERR5413873	0.0	0.0	0.0	0.0	0.0	1.0	0.0
Node_38	6.456608596633968e-05	0.00013499102564886058	0.00013776570988255018	6.823381088402306e-05	6.468235044112945e-05	0.9502626533163313	0.0492671077008458
ERR5412977	0.0	0.0	0.0	0.0	0.0	1.0	0.0
ERR5413682	0.0	0.0	0.0	0.0	0.0	1.0	0.0
Node_59	2.782555202905813e-15	5.666788914972877e-15	5.533138721740056e-15	2.8149218569674468e-15	2.7825552514692807e-15	0.9999999999999253	5.507690709849485e-14
Node_61	1.3913180939717581e-15	2.833477051285719e-15	2.7666502245839217e-15	1.4075019994252118e-15	1.39131812251134e-15	0.9999999999999627	2.753926448496064e-14
ERR330770	0.0	0.0	0.0	0.0	0.0	1.0	0.0
ERR363256	0.0	0.0	0.0	0.0	0.0	1.0	0.0
Node_67	1.4795657391213216e-15	3.0131968607260513e-15	2.9421310797348912e-15	1.4967759948368553e-15	1.4795657634362032e-15	0.9999999999999604	2.9285994171984264e-14
SRR6045700	0.0	0.0	0.0	0.0	0.0	1.0	0.0
Node_71	3.3824158368853402e-12	6.8884298365557405e-12	6.7259672876882316e-12	3.421759977463248e-12	3.3824158924965628e-12	0.9999999999092487	6.695032734953487e-11
ERR5412771	0.0	0.0	0.0	0.0	0.0	1.0	0.0
ERR5412170	0.0	0.0	0.0	0.0	0.0	1.0	0.0
ERR5413845	0.0	0.0	0.0	0.0	0.0	1.0	0.0
ERR5413177	0.0	0.0	0.0	0.0	0.0	1.0	0.0
ERR5414028	0.0	0.0	0.0	0.0	0.0	1.0	0.0
SRR12574872	0.0	0.0	0.0	0.0	0.0	0.0	1.0
Node_37	1.565746543458128e-08	3.197312889649182e-08	3.136556422615456e-08	1.5911313495799105e-08	1.5660324587933632e-08	0.9999983994447847	1.4899874185971521e-06
SRR6045886	0.0	0.0	0.0	0.0	0.0	1.0	0.0
ERR5412725	0.0	0.0	0.0	0.0	0.0	1.0	0.0
ERR5411955	0.0	0.0	0.0	0.0	0.0	1.0	0.0
SRR6388731	0.0	0.0	0.0	0.0	0.0	1.0	0.0
Node_66	3.3616934998696467e-12	6.846227938753812e-12	6.6847607136559416e-12	3.4007965982504143e-12	3.3616935551120073e-12	0.9999999999098047	6.654015677179269e-11
ERR5413522	0.0	0.0	0.0	0.0	0.0	1.0	0.0
ERR494887	0.0	0.0	0.0	0.0	0.0	1.0	0.0
ERR494888	0.0	0.0	0.0	0.0	0.0	1.0	0.0
Node_35	4.1271123509219757e-13	8.427636352285252e-13	8.267353671407276e-13	4.193955911689273e-13	4.127863292693756e-13	0.9999999999321667	6.49187877875376e-11
Node_36	8.12815158325275e-09	1.6553319210582557e-08	1.6162915354105717e-08	8.222699719499655e-09	8.128151787303332e-09	0.9999997818899492	1.6091481315312052e-07
ERR5412621	0.0	0.0	0.0	0.0	0.0	1.0	0.0
Node_65	3.3616052089435344e-12	6.846048130628797e-12	6.684585146277693e-12	3.400707280327412e-12	3.3616052641844442e-12	0.999999999909807	6.653840917283244e-11
ERR5411983	0.0	0.0	0.0	0.0	0.0	1.0	0.0
Node_34	4.2061262095707795e-15	8.566128145179141e-15	8.364400488059536e-15	4.255200112127374e-15	4.2061321938423135e-15	0.9999999992844313	7.155390073551324e-10
ERR5412763	0.0	0.0	0.0	0.0	0.0	1.0	0.0
ERR5414094	0.0	0.0	0.0	0.0	0.0	1.0	0.0
ERR5412498	0.0	0.0	0.0	0.0	0.0	1.0	0.0
ERR5412939	0.0	0.0	0.0	0.0	0.0	1.0	0.0
ERR5412847	0.0	0.0	0.0	0.0	0.0	1.0	0.0
Node_33	5.29731426117497e-11	1.0788199732239795e-10	1.0533761723314048e-10	5.358932435867168e-11	5.2973143484223566e-11	0.9999737361500217	2.62634772231672e-05
ERR5411944	0.0	0.0	0.0	0.0	0.0	1.0	0.0
SRR30795551	0.0	0.0	0.0	0.0	0.0	0.0	1.0
