node	Australia	Canada	China	Germany	Japan	Singapore	Spain	Taiwan	UK	USA
root	0.021386416609563988	0.009601400876663215	0.02009577147415933	0.01162927973188147	0.07591160386266216	0.24898003473951302	0.007995944872164469	0.01173638704952331	0.48537951863807205	0.10728364214579689
n0	0.021389022370490715	0.009603141788487904	0.020099162675111252	0.011630180283577285	0.07590961302009613	0.24895648964527534	0.007997256123797898	0.011738761134362277	0.48539444624361466	0.1072819267151866
n18	0.015421382738900659	0.005728158282054138	0.01261125060220802	0.009472118468298128	0.07975055490511881	0.30031897207544916	0.004936778661797987	0.006736405058363537	0.45469677202212533	0.11032760718568428
n00	0.034497848564725535	0.019262286865613532	0.039678393656975765	0.015428194607105893	0.06494421468565653	0.1356750334635215	0.013753311223077843	0.02794323897152933	0.5508320726419023	0.0979854053198918
ERR5413696	0.0	0.0	0.0	0.0	0.0	0.0	0.0	0.0	1.0	0.0
n1818	0.00208277778740233	0.0010615511385487172	0.4199288081695881	0.0010209598376891302	0.003067628962036639	0.002284210165379638	0.023700016005229738	0.001019343767675552	0.5412154768940484	0.004619227272401646
n2626	0.01067115149819193	0.002736421899154429	0.005930579734299523	0.0076766575046053	0.08241486549804515	0.3401602168745754	0.002390724131703531	0.00314640619251726	0.43258316903195554	0.11228980763495176
n1	2.49630549901807e-10	1.2738816245073705e-10	2.4430950621701246e-10	1.2222658001224353e-10	3.637280102967298e-10	2.543015351256375e-10	1.222177681791181e-10	1.2227517766846615e-10	0.9999999978455368	5.483858185627935e-10
n22	0.03495617066126955	0.019722834380541947	0.040681001083593675	0.015457770190430624	0.06399169575474709	0.1300738753188642	0.013874393272737843	0.02902113637336882	0.5552375315262538	0.0969835914381926
n19	0.002082134758133887	0.001061224830681552	0.4193197485635146	0.0010206433458153598	0.003066643571128212	0.002283314630225772	0.0237258022481573	0.0010190296038259852	0.5418037084205101	0.004617750028007283
SRR18969469	0.0	0.0	1.0	0.0	0.0	0.0	0.0	0.0	0.0	0.0
n27	2.2624358328794865e-10	1.1251088164052703e-10	2.1650766297262005e-10	1.134386516930685e-10	4.0208827790175835e-10	5.870984123759615e-10	1.0770660198459941e-10	1.0852526932690095e-10	0.9999999975326315	5.932490626961162e-10
n29	0.010668156159671803	0.002734393797752367	0.005926099993906322	0.007675666539367977	0.0824200919440774	0.34020264662489574	0.00238898125873833	0.0031440099624496596	0.432544276642036	0.11229567707710444
n11	2.3715728853618107e-14	1.2101974848117287e-14	2.3209061555051796e-14	1.1612214358164153e-14	3.4552510697810704e-14	2.413993640807112e-14	1.161170270114187e-14	1.1614398663180481e-14	0.9999999999997954	5.20941510056747e-14
n2	2.3715728853618107e-14	1.2101974848117287e-14	2.3209061555051796e-14	1.1612214358164153e-14	3.4552510697810704e-14	2.413993640807112e-14	1.161170270114187e-14	1.1614398663180481e-14	0.9999999999997954	5.20941510056747e-14
n3	0.03572717211737674	0.027686729887690453	0.02085148766782214	0.009486954778343966	0.03170444601022596	0.03863708988615727	0.00918086837946763	0.061176405519533	0.70636218335064	0.05918666240274281
SRR29408725	0.0	0.0	1.0	0.0	0.0	0.0	0.0	0.0	0.0	0.0
n1919	0.002084060244283077	0.0010622078604582501	0.41915637585413024	0.0010215857248335846	0.00306943546365863	0.002285207367797596	0.02375679594811722	0.0010199725932756312	0.5419223973500038	0.004621961593442
n2222	0.002084608163858082	0.0010624872891646403	0.41921165662229776	0.0010218541624522277	0.00307023806015155	0.0022857863690364574	0.02372099984116713	0.001020240816318774	0.541898957779949	0.0046231708956043826
n2727	2.4350442562014834e-14	1.2275306731236808e-14	2.357880382604603e-14	1.205924329955843e-14	3.9182736872973404e-14	4.302864088503897e-14	1.1765909415524503e-14	1.1807757061175719e-14	0.9999999999997635	5.841145771000869e-14
n2828	2.260515252765059e-14	1.1395487935928926e-14	2.1888819665903327e-14	1.1194911113953336e-14	3.637436578354615e-14	3.994464503161431e-14	1.0922601075977755e-14	1.0961449414488099e-14	0.9999999999997805	5.4224892292227317e-14
n2929	0.010666912691339793	0.0027329733763612734	0.005922868680897203	0.0076758215455564605	0.08243164472546761	0.34028374917342036	0.0023877929048164194	0.00314226016366789	0.4325411650230001	0.11221481171547289
n50	0.010670651441343102	0.0027362173757456173	0.005929458591529002	0.007676390353908458	0.08241361809212998	0.34013829081705255	0.0023907787974693996	0.003145654137885109	0.43249853797613397	0.11240040241680303
SRR6388701	0.0	0.0	0.0	0.0	0.0	0.0	0.0	0.0	1.0	0.0
ERR5413748	0.0	0.0	0.0	0.0	0.0	0.0	0.0	0.0	1.0	0.0
SRR6388693	0.0	0.0	0.0	0.0	0.0	0.0	0.0	0.0	1.0	0.0
ERR5412229	0.0	0.0	0.0	0.0	0.0	0.0	0.0	0.0	1.0	0.0
n33	0.030758511891583462	0.02213860790402945	0.020484986316426482	0.0096051199961472	0.030947661419951783	0.032850755824238326	0.009396504654824743	0.044825852598861224	0.744574150160878	0.05441784923305946
n44	0.05421205485929232	0.055759800343215225	0.0065453761634822125	0.0031637566063006466	0.009822083642074498	0.008798556529613191	0.0031277161461639104	0.15376282542936565	0.6576719769034934	0.04713585337699886
n20	2.9149924784232845e-06	1.4871971893868224e-06	9.126188969287953e-05	1.427574253425115e-06	4.253696160137076e-06	2.999828071964828e-06	6.246357813792578e-06	1.4272065682563096e-06	0.9998815692661912	6.4119915805050046e-06
n2121	1.3537296495536517e-11	6.907621975817482e-12	7.494643962698713e-11	6.6287551106528586e-12	1.9726396030291522e-11	1.3792778791531242e-11	0.9999999996284299	6.62837862587054e-12	1.996623037840302e-10	2.97402445138373e-11
n23	0.0007312864066703364	0.00037313845133935886	0.00811064277650818	0.0003580970419225113	0.0010659468502317916	0.0007467001288498687	0.0007604691512529851	0.00035806120646270285	0.9858886532094382	0.001607004777324047
n2323	1.840126445433278e-07	9.389617289671181e-08	7.578879126942209e-07	9.010405417707018e-08	2.681203125431314e-07	1.8738186284898745e-07	1.2154272656435016e-07	9.009993186442057e-08	0.9999978027226737	4.042317082195654e-07
n28	1.9282133407983912e-11	9.839268521277927e-12	1.8869233349303918e-11	9.441581259098116e-12	2.809095220141713e-11	1.9612456546205527e-11	9.441408764161645e-12	9.441362292828064e-12	0.9999999998336295	4.23521257747182e-11
ERR363310	0.0	0.0	0.0	0.0	0.0	0.0	0.0	0.0	1.0	0.0
ERR494834	0.0	0.0	0.0	0.0	0.0	0.0	0.0	0.0	1.0	0.0
ERR459984	0.0	0.0	0.0	0.0	0.0	0.0	0.0	0.0	1.0	0.0
n30	0.010669241707100062	0.002733038203026576	0.0059227664739591075	0.007678072560798669	0.08245693510556419	0.34031839702805167	0.0023879330890091716	0.0031421496404139613	0.4325097544252352	0.11218171176684143
n48	0.010667660192979067	0.0027338343695383514	0.005924399218517585	0.007675753552685927	0.08242089719520539	0.34027479421744644	0.002388660607977013	0.0031429943570767953	0.43257026337749327	0.11220074291108019
n5050	0.016795421472304995	0.006428334183344583	0.012867290509442788	0.010162479073067622	0.07734522843518088	0.2774699665145519	0.005982729364775696	0.006579637980252941	0.41750083930372206	0.16886807316335664
n56	0.02112307844599957	0.0098119514829443	0.019060268143445528	0.011217883760574204	0.0737098512292423	0.1389999756941142	0.009331402008742164	0.009600759873463654	0.3107629062439135	0.3963819231175605
n4	2.354596833640207e-10	1.3931323951505122e-10	2.0182166247531372e-10	9.906705027939291e-11	3.017954610218703e-10	2.441390777665894e-10	9.844546510723592e-11	2.0381741354055726e-10	0.9999999979980543	4.780865315583384e-10
ERR5413888	0.0	0.0	0.0	0.0	0.0	0.0	0.0	0.0	1.0	0.0
n5	4.860860441909294e-07	3.4972463677265585e-07	3.073669466840838e-07	1.5339365979612284e-07	4.57859882457152e-07	3.2667509083862677e-07	1.5326094730716854e-07	6.984281303289151e-07	0.9999962599017204	8.073029413192235e-07
n1111	0.054218877492664165	0.05576844650792187	0.0065434454265441205	0.00316284276205006	0.009819172771048445	0.008795613547713074	0.0031268192009382507	0.15378941761582393	0.6576382158478158	0.04713714882748035
n2020	3.1710480189018435e-07	1.6178340065183527e-07	9.924863599280192e-06	1.5529735699474891e-07	4.62734224738946e-07	3.263323824850078e-07	6.793420225998693e-07	1.552573700602123e-07	0.9999871197624945	6.975223467170461e-07
n21	1.2623187455260232e-06	6.441355011209815e-07	1.2356848172168904e-06	6.180992776470936e-07	1.8389770411238946e-06	1.2838580547232228e-06	6.181109283180368e-07	6.180861201540321e-07	0.9999891081401875	2.7725893267210452e-06
ERR11194149	0.0	0.0	0.0	0.0	0.0	0.0	1.0	0.0	0.0	0.0
ERR11194148	0.0	0.0	0.0	0.0	0.0	0.0	1.0	0.0	0.0	0.0
ERR5412117	0.0	0.0	0.0	0.0	0.0	0.0	0.0	0.0	1.0	0.0
ERR494901	0.0	0.0	0.0	0.0	0.0	0.0	0.0	0.0	1.0	0.0
n24	1.3838670681153586e-08	7.06146175248992e-09	5.693057185915131e-08	6.776275093260876e-09	2.0163982434038984e-08	1.4092026384779807e-08	9.13700812363694e-09	6.7759653280297995e-09	0.9999998348238005	3.0400237984598715e-08
ERR1081305	0.0	0.0	0.0	0.0	0.0	0.0	0.0	0.0	1.0	0.0
ERR490697	0.0	0.0	0.0	0.0	0.0	0.0	0.0	0.0	1.0	0.0
ERR330824	0.0	0.0	0.0	0.0	0.0	0.0	0.0	0.0	1.0	0.0
n3030	0.010676355800762488	0.0027344513907731913	0.005925335567216107	0.007683758638803731	0.08251221561568402	0.34025190753716844	0.002389337685514032	0.0031433981314444677	0.432516227837909	0.11216701179472441
n47	0.0024831255028587972	0.001068109628797706	0.002098378749310855	0.0013959586118502119	0.0085282619761448	0.7906208606394716	0.0010077030548413647	0.0010630504834524199	0.17976738966320951	0.011967161690062695
n4848	0.013339620348884666	0.004372336562675156	0.008997444003473	0.00873515851270638	0.07952452744967144	0.3438108322564189	0.003984725675029856	0.004662477827339401	0.4235143636540314	0.10905851370976993
ERR3198400	0.0	0.0	0.0	0.0	0.0	0.0	0.0	0.0	1.0	0.0
n51	0.0041109189498926705	0.002083948795975603	0.003999954328120483	0.0020253886334461973	0.006328790866487238	0.005854877714905031	0.00199848911758631	0.002002315866085908	0.03884383037277262	0.932751485354728
n5454	0.00036326839624220987	0.0001832811324539459	0.00035201249114645404	0.0001797648061728901	0.0005807450852046405	0.0006232044917296963	0.00017568908299694556	0.00017626985631495916	0.003540522096749379	0.9938252425609888
DRR317387	0.0	0.0	0.0	0.0	1.0	0.0	0.0	0.0	0.0	0.0
n5656	1.7640393716379971e-07	8.733149107894368e-08	1.6815553145337026e-07	8.88057492746961e-08	3.761927601689145e-07	5.05665426984598e-07	8.356753728163483e-08	8.431503159416091e-08	1.9265273025954682e-06	0.9999965030352325
ERR337794	0.0	0.0	0.0	0.0	0.0	0.0	0.0	0.0	1.0	0.0
ERR363384	0.0	0.0	0.0	0.0	0.0	0.0	0.0	0.0	1.0	0.0
ERR494904	0.0	0.0	0.0	0.0	0.0	0.0	0.0	0.0	1.0	0.0
n55	2.0229724123872087e-11	1.032541991384155e-11	1.9792240665989827e-11	9.903395642565693e-12	2.9464749498427464e-11	2.0570611861638346e-11	9.903233412018388e-12	9.917144699201458e-12	0.9999999998254672	4.442641695366358e-11
n12	0.05425281694565108	0.05575631703510417	0.006545893154834734	0.0031640960226131686	0.009822796753231057	0.00879764672341204	0.0031280816522142253	0.15389012896154658	0.6575078889594419	0.04713433379195114
n1414	0.05420448753124772	0.05578673928215209	0.0065436028951863815	0.0031629556227188195	0.00981938333709147	0.008795166517839209	0.0031269430720231076	0.153743419688701	0.6576691141827583	0.047148187870281896
ERR5413721	0.0	0.0	0.0	0.0	0.0	0.0	0.0	0.0	1.0	0.0
ERR5412182	0.0	0.0	0.0	0.0	0.0	0.0	0.0	0.0	1.0	0.0
ERR5412720	0.0	0.0	0.0	0.0	0.0	0.0	0.0	0.0	1.0	0.0
ERR5413149	0.0	0.0	0.0	0.0	0.0	0.0	0.0	0.0	1.0	0.0
n2424	1.3321818291878865e-10	6.797852083471866e-11	1.303729031462097e-10	6.523080070448787e-11	1.940755274677447e-10	1.354913095468133e-10	6.523015014264876e-11	6.522941226653664e-11	0.9999999988505693	2.926038361971419e-10
n26	6.691042559818527e-13	3.414240979414453e-13	2.715297457485189e-12	3.276350182465401e-13	9.7493216792302e-13	6.813392741761369e-13	4.397468844528065e-13	3.276201833602465e-13	0.999999999992053	1.4698574757715934e-12
DRR317481	0.0	0.0	0.0	0.0	1.0	0.0	0.0	0.0	0.0	0.0
n31	0.08253848979701861	0.004642527356679221	0.008996017537671524	0.07746808360409324	0.05647307721678681	0.05486480713736229	0.004422850003558415	0.004525557607059696	0.6724079610174774	0.03366062872229262
ERR485005	0.0	0.0	0.0	0.0	0.0	0.0	0.0	0.0	1.0	0.0
n4747	0.002480447967265358	0.001067047213331129	0.002096264923913395	0.001394372521458682	0.008516861623432504	0.7909220677707158	0.0010067098920051494	0.0010619727922429837	0.1795029213860501	0.01195133390958491
SRR14719282	0.0	0.0	0.0	0.0	0.0	1.0	0.0	0.0	0.0	0.0
n49	2.3426879331668556e-07	1.194762432509341e-07	2.2914193085387235e-07	1.1477066582625151e-07	3.429260146177454e-07	2.472652496868944e-07	1.146393796170067e-07	1.1465724809692792e-07	0.9999979661270638	5.167274109478718e-07
n5151	1.3284900649218338e-08	6.76675508167447e-09	1.2980013064407127e-08	6.516097319187388e-09	1.9656383302035343e-08	1.500176699763283e-08	6.492073260842948e-09	6.495455490775457e-09	1.2152812486803479e-07	0.99999979127843
n5252	2.728824247011081e-05	1.3888457053644225e-05	2.664366034250432e-05	1.3394533535604962e-05	4.064721851349484e-05	3.2151517288009124e-05	1.3323730250623662e-05	1.3333742055892239e-05	0.00025099281859807394	0.999568336079892
SRR32028581	0.0	0.0	0.0	0.0	0.0	0.0	0.0	0.0	0.0	1.0
n5555	3.723361526325831e-05	1.8884912034888293e-05	3.624535637159823e-05	1.8335335603110413e-05	5.707286004683065e-05	5.180501548423745e-05	1.8111348127950326e-05	1.814320170699729e-05	0.00035056880647025787	0.9993935995488908
SRR21939514	0.0	0.0	0.0	0.0	0.0	0.0	0.0	0.0	0.0	1.0
SRR21939513	0.0	0.0	0.0	0.0	0.0	0.0	0.0	0.0	0.0	1.0
n6	1.2821525524462883e-14	6.542686583690822e-15	1.254677758539604e-14	6.2780068389218435e-15	1.8678409429038697e-14	1.3040097322578842e-14	6.277905953359262e-15	6.278536203193467e-15	0.9999999999998895	2.81612109790739e-14
n9	1.2821525524462674e-14	6.5426865836907146e-15	1.2546777585395834e-14	6.278006838921742e-15	1.867840942903839e-14	1.3040097322578629e-14	6.277905953359159e-15	6.2785362031933645e-15	0.9999999999998895	2.816121097907344e-14
SRR19357822	0.0	0.0	0.0	0.0	0.0	0.0	0.0	1.0	0.0	0.0
n1212	0.9928885730593587	0.0002800616293955318	0.00030379851927457433	0.00015175251616718395	0.00045244644791342636	0.0003203782246736145	0.00015166650041769747	0.0005020432336234126	0.004192011315113583	0.0007572685540623077
n15	0.05419944688133543	0.05577972706912093	0.006546010534424258	0.00316417789084186	0.009822955295027866	0.008797354009624551	0.0031281709973345444	0.1537208718373718	0.6576706670669095	0.047170618418009375
n17	0.05419709137429236	0.05581310878562486	0.006545360590079584	0.0031638566394069424	0.009821984948635355	0.008796607526561074	0.0031278510310753576	0.15371519084195806	0.6576730948908022	0.047145853371564135
n25	6.657057278384142e-11	3.396960513380771e-11	6.514516315595506e-11	3.25965395235226e-11	9.69816484923426e-11	6.770647742041451e-11	3.259601895952827e-11	3.25958457197058e-11	0.9999999994256208	1.4621731430788055e-10
ERR5413042	0.0	0.0	0.0	0.0	0.0	0.0	0.0	0.0	1.0	0.0
ERR363342	0.0	0.0	0.0	0.0	0.0	0.0	0.0	0.0	1.0	0.0
ERR337752	0.0	0.0	0.0	0.0	0.0	0.0	0.0	0.0	1.0	0.0
n3131	0.08254864782995255	0.004641359727809565	0.008993739346860891	0.07747938099232748	0.05645159737756211	0.05484332895056631	0.004421743004813477	0.00452440748053554	0.6724459352456463	0.03364986004392571
DRR317382	0.0	0.0	0.0	0.0	1.0	0.0	0.0	0.0	0.0	0.0
SRR14719273	0.0	0.0	0.0	0.0	0.0	1.0	0.0	0.0	0.0	0.0
SRR14719147	0.0	0.0	0.0	0.0	0.0	1.0	0.0	0.0	0.0	0.0
ERR5412201	0.0	0.0	0.0	0.0	0.0	0.0	0.0	0.0	1.0	0.0
n4949	1.1137867228874214e-11	5.680275789265277e-12	1.0894126073923628e-11	5.456551327448586e-12	1.6303683106130595e-11	1.1755284097508123e-11	5.450316406602433e-12	5.451164954641775e-12	0.999999999903304	2.4566713877265576e-11
SRR21939475	0.0	0.0	0.0	0.0	0.0	0.0	0.0	0.0	0.0	1.0
n52	1.3508653034461957e-10	6.880783204353013e-11	1.3198727494584868e-10	6.625792623662498e-11	1.9986008569009847e-10	1.5247347196400005e-10	6.601477721696026e-11	6.604900666036384e-11	1.235677399987817e-09	0.9999999978777857
SRR21939479	0.0	0.0	0.0	0.0	0.0	0.0	0.0	0.0	0.0	1.0
n53	1.0367280816773414e-05	5.285715829638909e-06	1.0137799382001819e-05	5.080448256125903e-06	1.521429780255138e-05	1.1090727217070574e-05	5.071593895867075e-06	5.072820281574441e-06	9.420907867762396e-05	0.9998384702378408
SRR32028583	0.0	0.0	0.0	0.0	0.0	0.0	0.0	0.0	0.0	1.0
SRR32028582	0.0	0.0	0.0	0.0	0.0	0.0	0.0	0.0	0.0	1.0
n66	1.1861329264049748e-14	6.0525943371827206e-15	1.1607346423817293e-14	5.8079459386010774e-15	1.7279876321153996e-14	1.206372106403477e-14	5.8078527533354e-15	5.8078223503994036e-15	0.9999999999998977	2.605252794931742e-14
ERR5414314	0.0	0.0	0.0	0.0	0.0	0.0	0.0	0.0	1.0	0.0
n99	1.1861329259750122e-14	6.05259433498871e-15	1.1607346419609735e-14	5.807945936495749e-15	1.7279876314889914e-14	1.2063721059661779e-14	5.807852751230106e-15	5.80782234829412e-15	0.9999999999998977	2.6052527939873608e-14
ERR5413643	0.0	0.0	0.0	0.0	0.0	0.0	0.0	0.0	1.0	0.0
n13	0.9999999999779562	7.56228454406558e-13	1.146378533860358e-12	5.732744436111149e-13	1.7068515351084335e-12	1.1974890320577284e-12	5.731563751824164e-13	1.0295467331011908e-12	1.2389739200653647e-11	2.6712410235434472e-12
n1313	0.99999999997696	8.185612567451838e-13	1.1466927387425557e-12	5.732995155248912e-13	1.707411833276116e-12	1.2001843657558398e-12	5.731387319041917e-13	1.2085926178236368e-12	1.3101808341004248e-11	2.7104785513196022e-12
SRR30795427	0.0	0.0	0.0	0.0	0.0	0.0	0.0	0.0	0.0	1.0
n1515	0.0002021724187501503	0.0001418440171445389	0.00013389807946777098	6.684533541655843e-05	0.00019944143776812775	0.0001419051107666168	6.679480965522382e-05	0.00027391637171668393	0.9984279802518874	0.0003452021674269095
ERR5413134	0.0	0.0	0.0	0.0	0.0	0.0	0.0	0.0	1.0	0.0
n1717	0.0005468280400739566	0.9905736383432059	0.00038394785121374114	0.00019175357289571076	0.0005718371032871857	0.0004055271839683305	0.0001916335853336172	0.0006812832892487763	0.005486254926752729	0.0009672961040200292
ERR5412736	0.0	0.0	0.0	0.0	0.0	0.0	0.0	0.0	1.0	0.0
n2525	1.0068470420043019e-11	5.137735040709205e-12	9.852877499618717e-12	4.930065647066325e-12	1.466799545599304e-11	1.0240270384751227e-11	4.929986546908626e-12	4.929960712690683e-12	0.9999999999131279	2.2114646793551793e-11
n32	0.02423222621850669	0.004791684027053398	0.009207987111828374	0.0193535768136265	0.022409185183874684	0.018762951553615077	0.004591474670931043	0.004612199699628586	0.8686510701473975	0.02338764457353819
n36	0.16550483599124854	0.0007931339931426578	0.0015281546001501153	0.16408493517130981	0.005581336615269054	0.0050814442282001975	0.0007586106376188533	0.0007664910762603869	0.6514373981356989	0.00446365955110148
SRR6046570	0.0	0.0	0.0	0.0	0.0	0.0	0.0	0.0	1.0	0.0
ERR5414208	0.0	0.0	0.0	0.0	0.0	0.0	0.0	0.0	1.0	0.0
SRR21939477	0.0	0.0	0.0	0.0	0.0	0.0	0.0	0.0	0.0	1.0
SRR21939476	0.0	0.0	0.0	0.0	0.0	0.0	0.0	0.0	0.0	1.0
SRR21939474	0.0	0.0	0.0	0.0	0.0	0.0	0.0	0.0	0.0	1.0
n5353	2.0746143865637e-12	1.0586152420794634e-12	2.03016109279073e-12	1.0158594211709821e-12	3.022797419108565e-12	2.112220648154808e-12	1.0158077004753516e-12	1.0158074364564053e-12	1.8742956894990984e-11	0.9999999999679112
n7	1.1861374157631614e-14	6.052617239587489e-15	1.1607390365830135e-14	5.80796792580607e-15	1.7279941737686692e-14	1.206376673333104e-14	5.8078747401951265e-15	5.807844305650847e-15	0.9999999999998977	2.6052626569772125e-14
ERR5412009	0.0	0.0	0.0	0.0	0.0	0.0	0.0	0.0	1.0	0.0
ERR5412599	0.0	0.0	0.0	0.0	0.0	0.0	0.0	0.0	1.0	0.0
n10	1.1861283628736141e-14	6.052571044539079e-15	1.16073017754008e-14	5.8079235979807875e-15	1.7279809852964184e-14	1.2063674659726252e-14	5.80783041308106e-15	5.807799978769063e-15	0.9999999999998977	2.6052427729783085e-14
SRR25361433	1.0	0.0	0.0	0.0	0.0	0.0	0.0	0.0	0.0	0.0
SRR25361442	1.0	0.0	0.0	0.0	0.0	0.0	0.0	0.0	0.0	0.0
SRR25361556	1.0	0.0	0.0	0.0	0.0	0.0	0.0	0.0	0.0	0.0
n14	0.9999999999999973	7.84790716013111e-17	1.482784092418158e-16	7.41913209737203e-17	2.2074404622444347e-16	1.5415258051743653e-16	7.418933359606118e-17	7.753010783643757e-17	1.381991038519735e-15	3.335278092464768e-16
n16	2.1298596458025745e-11	1.294254909637853e-11	1.7413274356192054e-11	8.704842383494275e-12	2.5928916778218095e-11	1.8244997864837838e-11	8.702050636124182e-12	1.9809552833695995e-11	0.9999999998254758	4.147940691115967e-11
n1616	2.1285292071017922e-11	1.290990825937672e-11	1.744299334202751e-11	8.719815070524516e-12	2.597308787500809e-11	1.8274052381823406e-11	8.717056135524708e-12	1.9686126192576734e-11	0.9999999998254754	4.15162552507645e-11
SRR26728013	0.0	1.0	0.0	0.0	0.0	0.0	0.0	0.0	0.0	0.0
SRR26727994	0.0	1.0	0.0	0.0	0.0	0.0	0.0	0.0	0.0	0.0
ERR5414289	0.0	0.0	0.0	0.0	0.0	0.0	0.0	0.0	1.0	0.0
ERR5413296	0.0	0.0	0.0	0.0	0.0	0.0	0.0	0.0	1.0	0.0
n3232	1.7973552538064296e-07	6.382492761058675e-08	1.224691244142155e-07	1.155843173775837e-07	2.1436337757230532e-07	1.611384196812742e-07	6.122034816222962e-08	6.129643842853588e-08	0.9999987354688967	2.848986246219921e-07
n3535	1.974795545051899e-10	7.949400626438555e-11	1.525020833137949e-10	1.177326346792198e-10	2.514738960228277e-10	1.8432317151016384e-10	7.626147150891083e-11	7.631936085425876e-11	0.9999999985144826	3.4993116705372017e-10
SRR25361449	1.0	0.0	0.0	0.0	0.0	0.0	0.0	0.0	0.0	0.0
n3636	0.16520780577620472	0.0007922703139881921	0.0015264854486848397	0.16420110095340157	0.005572895708088019	0.005073416848158786	0.0007577862996320802	0.0007656525397456246	0.6516445351057235	0.004458051006372637
n54	1.3245261215075399e-12	6.758782818862221e-13	1.2961638443316106e-12	6.485596994410437e-13	1.929611508540546e-12	1.347172342911351e-12	6.485485614842305e-13	6.485452675181984e-13	1.1964946003347868e-11	0.999999999979516
SRR21939478	0.0	0.0	0.0	0.0	0.0	0.0	0.0	0.0	0.0	1.0
ERR5413020	0.0	0.0	0.0	0.0	0.0	0.0	0.0	0.0	1.0	0.0
n77	1.3766803387239227e-14	7.024918901323142e-15	1.347201925187672e-14	6.7409687487619836e-15	2.0055817924994393e-14	1.4001708614885757e-14	6.74086059367242e-15	6.740825270074779e-15	0.9999999999998813	3.0237760224136126e-14
ERR5413449	0.0	0.0	0.0	0.0	0.0	0.0	0.0	0.0	1.0	0.0
n1010	1.1860720304898475e-14	6.052283591877275e-15	1.1606750513835947e-14	5.807647764276012e-15	1.727898918893699e-14	1.2063101723801902e-14	5.807554583801883e-15	5.8075241509337725e-15	0.9999999999998977	2.6051190430851662e-14
SRR25361492	1.0	0.0	0.0	0.0	0.0	0.0	0.0	0.0	0.0	0.0
SRR25361565	1.0	0.0	0.0	0.0	0.0	0.0	0.0	0.0	0.0	0.0
ERR330754	0.0	0.0	0.0	0.0	0.0	0.0	0.0	0.0	1.0	0.0
ERR363240	0.0	0.0	0.0	0.0	0.0	0.0	0.0	0.0	1.0	0.0
ERR330765	0.0	0.0	0.0	0.0	0.0	0.0	0.0	0.0	1.0	0.0
ERR363251	0.0	0.0	0.0	0.0	0.0	0.0	0.0	0.0	1.0	0.0
n3333	8.548278915435921e-12	3.0374233984930128e-12	5.828289494868092e-12	5.495358811853579e-12	1.019840720448177e-11	7.665262297243097e-12	2.913473976468923e-12	2.9170876677015063e-12	0.999999999939839	1.3557313261747976e-11
n3434	8.787444318119666e-09	4.48274074299827e-09	8.596767203849602e-09	4.304104258483026e-09	1.2799530220281663e-08	8.936366193614578e-09	4.301476357490877e-09	4.3014574135015846e-09	0.999999924194317	1.929579623750835e-08
ERR5414275	0.0	0.0	0.0	0.0	0.0	0.0	0.0	0.0	1.0	0.0
ERR5413736	0.0	0.0	0.0	0.0	0.0	0.0	0.0	0.0	1.0	0.0
n37	2.292841477917189e-05	2.2805427485864347e-07	4.383273422975915e-07	2.267088785689637e-05	1.105920225110919e-06	9.345625534373075e-07	2.1849644133524821e-07	2.1957643599895264e-07	0.9999501301905576	1.125569533199325e-06
n45	2.475999915659199e-10	6.911773365767516e-12	1.3265204930345823e-11	0.9999999986102012	2.446809021489348e-11	1.877364572740529e-11	6.62878924531658e-12	6.64001025760775e-12	1.0342618242096875e-09	3.1249327039839895e-11
SRR21939643	0.0	0.0	0.0	0.0	0.0	0.0	0.0	0.0	0.0	1.0
SRR21939642	0.0	0.0	0.0	0.0	0.0	0.0	0.0	0.0	0.0	1.0
n8	4.013252011048844e-11	2.0478806237853787e-11	3.927317535863048e-11	1.9651044346622187e-11	5.846604281086757e-11	4.081730789363653e-11	1.965072905655905e-11	1.9650626082400648e-11	0.9999999996537315	8.814809699513166e-11
SRR6046312	0.0	0.0	0.0	0.0	0.0	0.0	0.0	0.0	1.0	0.0
ERR5412798	0.0	0.0	0.0	0.0	0.0	0.0	0.0	0.0	1.0	0.0
SRR6045069	0.0	0.0	0.0	0.0	0.0	0.0	0.0	0.0	1.0	0.0
SRR6388717	0.0	0.0	0.0	0.0	0.0	0.0	0.0	0.0	1.0	0.0
n34	1.2266132479421905e-14	6.1962520052787354e-15	1.1883001269410326e-14	6.068355618434204e-15	1.7762516001867704e-14	1.2426569803574128e-14	5.9456479132604925e-15	5.945789097141069e-15	0.9999999999998948	2.6693827233560714e-14
ERR5412665	0.0	0.0	0.0	0.0	0.0	0.0	0.0	0.0	1.0	0.0
n35	4.29197600303612e-13	2.189484331330808e-13	4.198879206952476e-13	2.1021991526313616e-13	6.251594895080082e-13	4.3647264214114216e-13	2.1009502208751111e-13	2.1009409195146724e-13	0.9999999999962974	9.424550050449636e-13
ERR5412619	0.0	0.0	0.0	0.0	0.0	0.0	0.0	0.0	1.0	0.0
n3737	1.9313383995723322e-07	1.9231451630965993e-09	3.696334788487468e-09	1.9096244193349222e-07	9.321641470978633e-09	7.87636572064331e-09	1.8425487421970351e-09	1.8516456896974322e-09	0.9999995799016838	9.490352980471124e-09
n4545	6.72333899304909e-16	3.558879855424089e-17	6.827650624494355e-17	0.9999999999999959	1.1379571354826736e-16	8.38000505725227e-17	3.414072313010284e-17	3.416952290902828e-17	2.9777787487670517e-15	1.5704511088173187e-16
n46	6.723356304303878e-16	3.558889018839358e-17	6.827668204351087e-17	0.9999999999999959	1.1379600654979473e-16	8.380026634111855e-17	3.4140811035746285e-17	3.4169610888825204e-17	2.9777864159535562e-15	1.5704551524197433e-16
SRR6045771	0.0	0.0	0.0	0.0	0.0	0.0	0.0	0.0	1.0	0.0
n88	4.0130614027432734e-11	2.0477833602557933e-11	3.9271310089918504e-11	1.9650111025650742e-11	5.846326598217031e-11	4.0815369286772535e-11	1.9649795750562222e-11	1.9649692781294546e-11	0.9999999996537481	8.814391042539688e-11
ERR5412249	0.0	0.0	0.0	0.0	0.0	0.0	0.0	0.0	1.0	0.0
SRR6388750	0.0	0.0	0.0	0.0	0.0	0.0	0.0	0.0	1.0	0.0
ERR5413183	0.0	0.0	0.0	0.0	0.0	0.0	0.0	0.0	1.0	0.0
ERR5412071	0.0	0.0	0.0	0.0	0.0	0.0	0.0	0.0	1.0	0.0
n38	9.184391859937788e-12	9.744095835925156e-14	1.8725792018716753e-13	9.07515993437725e-12	4.601407106332381e-13	3.8623880203881436e-13	9.336633204839916e-14	9.379833894233378e-14	0.9999999999799452	4.770030455845188e-13
n4343	2.3646067891612753e-07	2.4576569803342863e-08	4.713983233890092e-08	2.116343010466267e-07	7.397452584797237e-08	5.3005223011754705e-08	2.3579979702378848e-08	2.3588911414150905e-08	0.9999991990480273	1.0699195071716842e-07
ERR4298298	0.0	0.0	0.0	1.0	0.0	0.0	0.0	0.0	0.0	0.0
ERR4298317	0.0	0.0	0.0	1.0	0.0	0.0	0.0	0.0	0.0	0.0
n4646	3.4853940966429996e-17	1.7784463338585338e-17	3.410610660717493e-17	0.9999999999999996	5.077385007818004e-17	3.544711472667171e-17	1.70653340799541e-17	1.7065244728443914e-17	3.1483965146823937e-16	7.655069268145575e-17
ERR7253672	0.0	0.0	0.0	1.0	0.0	0.0	0.0	0.0	0.0	0.0
ERR5413480	0.0	0.0	0.0	0.0	0.0	0.0	0.0	0.0	1.0	0.0
ERR5413541	0.0	0.0	0.0	0.0	0.0	0.0	0.0	0.0	1.0	0.0
ERR374143	0.0	0.0	0.0	0.0	0.0	0.0	0.0	0.0	1.0	0.0
n3838	1.239155558002994e-14	6.103529338892039e-15	1.1705045609018522e-14	6.286666927192267e-15	1.7434001259344908e-14	1.2174432043065124e-14	5.856721729408941e-15	5.856711737324989e-15	0.9999999999998961	2.6274526211124675e-14
ERR5414262	0.0	0.0	0.0	0.0	0.0	0.0	0.0	0.0	1.0	0.0
n4444	0.00020264505260935217	0.00010338553330562302	0.0001982673290110149	9.924599083148824e-05	0.0002951617036825887	0.00020606359187072288	9.920505461562688e-05	9.920453665377722e-05	0.9982518126909368	0.0004450085164829909
ERR7253802	0.0	0.0	0.0	1.0	0.0	0.0	0.0	0.0	0.0	0.0
ERR7253692	0.0	0.0	0.0	1.0	0.0	0.0	0.0	0.0	0.0	0.0
ERR340513	0.0	0.0	0.0	0.0	0.0	0.0	0.0	0.0	1.0	0.0
n39	1.9339159858324754e-12	9.86836184576651e-13	1.8925024281163933e-12	9.469511573525562e-13	2.8173716433932296e-12	1.966911418799206e-12	9.469326610193827e-13	9.46927699042238e-13	0.9999999999833139	4.24769545351907e-12
ERR494911	0.0	0.0	0.0	0.0	0.0	0.0	0.0	0.0	1.0	0.0
ERR5412715	0.0	0.0	0.0	0.0	0.0	0.0	0.0	0.0	1.0	0.0
n3939	1.2448435051311668e-14	6.3521823530722994e-15	1.2181880553233664e-14	6.0954246558125045e-15	1.8135186257998778e-14	1.2660844580586287e-14	6.095326694741525e-15	6.095294753891852e-15	0.9999999999998928	2.734206182271653e-14
n42	4.046672886622511e-08	2.064934614577814e-08	3.960022780650092e-08	1.9814690963606945e-08	5.895292634515283e-08	4.115721930499919e-08	1.9814373044642403e-08	1.9814269212953537e-08	0.9999996508480565	8.888216167502919e-08
ERR340528	0.0	0.0	0.0	0.0	0.0	0.0	0.0	0.0	1.0	0.0
n40	1.0372530471417153e-11	5.292890681558267e-12	1.015042681084922e-11	5.0789498321928175e-12	1.5110957620626502e-11	1.054951866272293e-11	5.07886834326472e-12	5.078841728873377e-12	0.9999999999105045	2.2782492092738445e-11
n4242	1.632826263213097e-08	8.331979295683545e-09	1.5978630793381108e-08	7.995197216719178e-09	2.3787414781055575e-08	1.6606874459639362e-08	7.995068938232025e-09	7.995027042305711e-09	0.9999998591177299	3.586381503819078e-08
n43	4.871120650187707e-11	2.4856334882974865e-11	4.766816909608174e-11	2.3851631457743496e-11	7.096368423580458e-11	4.9542373820128075e-11	2.3851248771599607e-11	2.3851123785790578e-11	0.9999999995797136	1.0699054391939828e-10
n4040	9.52291244580193e-06	4.859347936803447e-06	9.319001382898966e-06	4.662931066034561e-06	1.3873213174940717e-05	9.685403465177715e-06	4.662856251902368e-06	4.662831817506186e-06	0.9999178351331992	2.091636925958486e-05
ERR374158	0.0	0.0	0.0	0.0	0.0	0.0	0.0	0.0	1.0	0.0
ERR490693	0.0	0.0	0.0	0.0	0.0	0.0	0.0	0.0	1.0	0.0
ERR490680	0.0	0.0	0.0	0.0	0.0	0.0	0.0	0.0	1.0	0.0
ERR337755	0.0	0.0	0.0	0.0	0.0	0.0	0.0	0.0	1.0	0.0
ERR363345	0.0	0.0	0.0	0.0	0.0	0.0	0.0	0.0	1.0	0.0
ERR351978	0.0	0.0	0.0	0.0	0.0	0.0	0.0	0.0	1.0	0.0
n41	9.523181720779487e-06	4.859485342330807e-06	9.319264891977992e-06	4.663062917573184e-06	1.3873605461353889e-05	9.685677334838446e-06	4.662988101325507e-06	4.662963666238404e-06	0.9999178328098615	2.091696070205532e-05
ERR5413780	0.0	0.0	0.0	0.0	0.0	0.0	0.0	0.0	1.0	0.0
n4141	1.9923232273785324e-11	1.0166418960068618e-11	1.9496622505761897e-11	9.755488064600428e-12	2.9024655014016358e-11	2.02631856588294e-11	9.755331543227212e-12	9.755280423136311e-12	0.9999999998280998	4.375989860819114e-11
ERR374039	0.0	0.0	0.0	0.0	0.0	0.0	0.0	0.0	1.0	0.0
ERR343177	0.0	0.0	0.0	0.0	0.0	0.0	0.0	0.0	1.0	0.0
